[-2949] gameui_allowescapetoshow
[0] dsp_dist_min "0"
[0] dsp_dist_max "1440"
[0] dsp_mix_min "0.4"
[0] dsp_mix_max "0.9"
[0] dsp_db_min "80"
[0] dsp_db_mixdrop "0.7"
[0] dsp_room "0"
[0] dsp_water "0"
[0] dsp_player "0"
[0] dsp_facingaway "0"
[0] dsp_speaker "0"
[0] dsp_spatial "0"
[0] dsp_automatic "0"
[0] room_type "0"
[0] dsp_slow_cpu "0"
[0] snd_profile "0"
[0] dsp_volume "1"
[0] dsp_vol_5ch "0.5"
[0] dsp_vol_4ch "0.5"
[0] dsp_vol_2ch "1"
[0] gameui_allowescapetoshow
[0] gameui_hide
[0] unpause
[0] pos: [-1137.9063, 117.4375, 18.53125], ang: [0.368042, -1.8566895, 0.0]
[0] unpause
[1] pos: [-1137.9063, 117.4375, 18.53125], ang: [0.67164195, -1.9578896, 0.0]
[1] gameui_allowescapetoshow
[1] gameui_allowescapetoshow
[2] pos: [-1137.9063, 117.4375, 18.53125], ang: [0.9752419, -2.0084896, 0.0]
[3] pos: [-1137.9063, 117.4375, 18.53125], ang: [1.329442, -2.0590897, 0.0]
[4] pos: [-1137.9063, 117.4375, 18.53125], ang: [1.683642, -2.1096897, 0.0]
[5] pos: [-1137.9063, 117.4375, 18.53125], ang: [2.088442, -2.1602898, 0.0]
[6] pos: [-1137.9063, 117.4375, 18.53125], ang: [2.4426425, -2.2614899, 0.0]
[7] pos: [-1137.9063, 117.4375, 18.53125], ang: [2.9992428, -2.36269, 0.0]
[8] pos: [-1137.9063, 117.4375, 18.53125], ang: [3.4546432, -2.46389, 0.0]
[9] pos: [-1137.9063, 117.4375, 18.53125], ang: [4.0112433, -2.5650902, 0.0]
[10] pos: [-1137.9063, 117.4375, 18.53125], ang: [4.567844, -2.6662903, 0.0]
[11] pos: [-1137.9063, 117.4375, 18.53125], ang: [5.0232444, -2.7168903, 0.0]
[12] pos: [-1137.9063, 117.4375, 18.53125], ang: [5.478645, -2.7674904, 0.0]
[13] pos: [-1137.9063, 117.4375, 18.53125], ang: [6.1364455, -2.8686905, 0.0]
[14] pos: [-1137.9063, 117.4375, 18.53125], ang: [6.8448462, -2.9192905, 0.0]
[15] pos: [-1137.9063, 117.4375, 18.53125], ang: [7.502647, -2.9698906, 0.0]
[16] pos: [-1137.9063, 117.4375, 18.53125], ang: [8.109847, -3.0204906, 0.0]
[17] pos: [-1137.9063, 117.4375, 18.53125], ang: [8.666448, -3.0710907, 0.0]
[18] pos: [-1137.9063, 117.4375, 18.53125], ang: [20.355047, -4.589091, 0.0]
[19] pos: [-1137.9063, 117.4375, 18.53125], ang: [21.367048, -4.690291, 0.0]
[20] pos: [-1137.9063, 117.4375, 18.53125], ang: [21.923649, -4.740891, 0.0]
[21] pos: [-1137.9063, 117.4375, 18.53125], ang: [22.73325, -4.892691, 0.0]
[22] pos: [-1137.9063, 117.4375, 18.53125], ang: [23.54285, -4.9938912, 0.0]
[23] pos: [-1137.9063, 117.4375, 18.53125], ang: [24.504251, -5.1456914, 0.0]
[24] pos: [-1137.9063, 117.4375, 18.53125], ang: [25.364452, -5.2468915, 0.0]
[25] pos: [-1137.9063, 117.4375, 18.53125], ang: [26.072853, -5.3480916, 0.0]
[26] pos: [-1137.9063, 117.4375, 18.53125], ang: [26.983654, -5.4492917, 0.0]
[27] pos: [-1137.9063, 117.4375, 18.53125], ang: [27.843855, -5.601092, 0.0]
[28] pos: [-1137.9063, 117.4375, 18.53125], ang: [28.552256, -5.702292, 0.0]
[29] pos: [-1137.9063, 117.4375, 18.53125], ang: [29.058256, -5.803492, 0.0]
[30] pos: [-1137.9063, 117.4375, 18.53125], ang: [29.918457, -5.904692, 0.0]
[31] pos: [-1137.9063, 117.4375, 18.53125], ang: [30.677458, -5.955292, 0.0]
[32] pos: [-1137.9063, 117.4375, 18.53125], ang: [31.436459, -6.0564923, 0.0]
[33] pos: [-1137.9063, 117.4375, 18.53125], ang: [32.24606, -6.1576924, 0.0]
[34] pos: [-1137.9063, 117.4375, 18.53125], ang: [33.055656, -6.3094926, 0.0]
[35] pos: [-1137.9063, 117.4375, 18.53125], ang: [33.561653, -6.3600926, 0.0]
[36] pos: [-1137.9063, 117.4375, 18.53125], ang: [34.118248, -6.3600926, 0.0]
[37] pos: [-1137.9063, 117.4375, 18.53125], ang: [34.472446, -6.4106927, 0.0]
[38] pos: [-1137.9063, 117.4375, 18.53125], ang: [34.72544, -6.4612927, 0.0]
[39] pos: [-1137.9063, 117.4375, 18.53125], ang: [34.826637, -6.4612927, 0.0]
[40] pos: [-1137.9063, 117.4375, 18.53125], ang: [34.826637, -6.4612927, 0.0]
[41] pos: [-1137.9063, 117.4375, 18.53125], ang: [34.826637, -6.4612927, 0.0]
[42] pos: [-1137.9063, 117.4375, 18.53125], ang: [34.826637, -6.4612927, 0.0]
[43] pos: [-1137.9063, 117.4375, 18.53125], ang: [34.826637, -6.511893, 0.0]
[43] +duck 32
[43] +moveleft 11
[44] pos: [-1137.8125, 117.75, 18.53125], ang: [34.77604, -6.764893, 0.0]
[45] pos: [-1137.6875, 118.3125, 18.53125], ang: [34.62424, -7.574493, 0.0]
[46] pos: [-1137.5, 119.125, 18.53125], ang: [34.270042, -9.193693, 0.0]
[47] pos: [-1137.2813, 120.1875, 18.53125], ang: [33.865246, -11.217693, 0.0]
[48] pos: [-1136.9688, 121.46875, 18.53125], ang: [33.207447, -15.872893, 0.0]
[49] pos: [-1136.5625, 122.96875, 18.53125], ang: [32.70145, -19.718493, 0.0]
[50] pos: [-1136.0, 124.6875, 18.53125], ang: [31.43645, -29.433695, 0.0]
[51] pos: [-1135.3125, 126.59375, 18.53125], ang: [30.778648, -34.544296, 0.0]
[52] pos: [-1134.4063, 128.625, 18.53125], ang: [29.766647, -41.931896, 0.0]
[53] pos: [-1133.3438, 130.75, 18.53125], ang: [28.957047, -47.7003, 0.0]
[54] pos: [-1132.0938, 132.90625, 18.53125], ang: [27.843845, -55.5433, 0.0]
[55] pos: [-1130.6563, 135.09375, 18.53125], ang: [26.882444, -63.6393, 0.0]
[56] pos: [-1129.0313, 137.21875, 18.53125], ang: [26.174044, -70.369095, 0.0]
[57] pos: [-1127.1875, 139.28125, 18.53125], ang: [25.668043, -76.54229, 0.0]
[58] pos: [-1125.25, 141.28125, 18.53125], ang: [25.364443, -81.09629, 0.0]
[59] pos: [-1123.0625, 143.15625, 18.53125], ang: [25.010242, -88.43329, 0.0]
[60] pos: [-1120.6563, 144.90625, 18.53125], ang: [24.757242, -94.555885, 0.0]
[61] pos: [-1118.125, 146.5, 18.53125], ang: [24.656042, -99.261696, 0.0]
[62] pos: [-1115.4375, 147.90625, 18.53125], ang: [24.656042, -104.2711, 0.0]
[63] pos: [-1112.5938, 149.125, 18.53125], ang: [24.706642, -111.65871, 0.0]
[64] pos: [-1109.625, 150.09375, 18.53125], ang: [25.010242, -116.97171, 0.0]
[65] pos: [-1106.5625, 150.84375, 18.53125], ang: [25.465643, -122.284706, 0.0]
[66] pos: [-1103.4063, 151.34375, 18.53125], ang: [26.022243, -127.901306, 0.0]
[66] autosave
[67] pos: [-1100.1875, 151.5625, 18.53125], ang: [26.781244, -133.7709, 0.0]
[68] pos: [-1096.9688, 151.53125, 18.53125], ang: [27.540245, -139.03331, 0.0]
[69] pos: [-1093.7188, 151.21875, 18.53125], ang: [28.147446, -143.13191, 0.0]
[70] pos: [-1090.5, 150.625, 18.53125], ang: [29.463047, -149.81111, 0.0]
[70] +jump 113
[70] -jump 113
[71] pos: [-1086.5625, 150.4375, 20.875], ang: [29.969048, -152.13872, 0.0]
[71] +jump 113
[71] -jump 113
[72] pos: [-1082.6563, 150.21875, 23.0625], ang: [31.43645, -157.14812, 0.0]
[73] pos: [-1078.7188, 150.03125, 25.125], ang: [32.802647, -161.14554, 0.0]
[73] +jump 113
[73] -jump 113
[74] pos: [-1074.7813, 149.8125, 27.0625], ang: [34.118244, -164.48514, 0.0]
[75] pos: [-1070.875, 149.59375, 28.84375], ang: [35.585644, -167.92595, 0.0]
[75] +jump 113
[75] -jump 113
[76] pos: [-1066.9063, 149.28125, 30.5], ang: [37.20484, -171.51855, 0.0]
[76] +jump 113
[76] -jump 113
[77] pos: [-1062.9688, 148.84375, 32.03125], ang: [38.67224, -174.55455, 0.0]
[77] +jump 113
[77] -jump 113
[78] pos: [-1059.0, 148.25, 33.4375], ang: [39.93724, -177.23636, 0.0]
[78] +jump 113
[78] -jump 113
[78] +jump 113
[78] -jump 113
[79] pos: [-1055.0313, 147.5625, 34.6875], ang: [41.151638, -179.71574, 0.0]
[79] +jump 113
[79] -jump 113
[80] pos: [-1051.0938, 146.71875, 35.78125], ang: [42.720234, 177.19766, 0.0]
[81] pos: [-1047.125, 145.78125, 36.78125], ang: [43.98523, 174.92067, 0.0]
[81] +jump 113
[81] -jump 113
[82] pos: [-1043.1875, 144.6875, 37.625], ang: [45.098427, 172.94728, 0.0]
[83] pos: [-1039.2813, 143.5, 38.34375], ang: [46.565823, 170.4173, 0.0]
[83] +jump 113
[83] -jump 113
[84] pos: [-1035.4063, 142.15625, 38.90625], ang: [48.033222, 167.9885, 0.0]
[85] pos: [-1031.5625, 140.71875, 39.34375], ang: [49.60182, 165.5091, 0.0]
[86] pos: [-1027.75, 139.15625, 39.65625], ang: [51.221024, 162.82732, 0.0]
[87] pos: [-1023.96875, 137.46875, 39.84375], ang: [52.587223, 160.44913, 0.0]
[88] pos: [-1020.25, 135.65625, 39.875], ang: [53.801617, 158.17213, 0.0]
[88] -moveleft 11
[89] pos: [-1016.53125, 133.84375, 39.78125], ang: [55.117214, 155.43974, 0.0]
[90] pos: [-1012.8125, 132.03125, 39.53125], ang: [56.07861, 153.36514, 0.0]
[91] pos: [-1009.09375, 130.21875, 39.1875], ang: [57.293007, 150.73395, 0.0]
[91] +moveright 14
[92] pos: [-1005.28125, 128.53125, 38.6875], ang: [58.153202, 148.91235, 0.0]
[93] pos: [-1001.4375, 126.9375, 38.03125], ang: [58.608597, 147.90034, 0.0]
[94] pos: [-997.5, 125.4375, 37.25], ang: [59.114594, 147.24255, 0.0]
[98] pos: [-981.5625, 119.90625, 32.8125], ang: [59.62059, 148.55815, 0.0]
[99] pos: [-977.53125, 118.625, 31.375], ang: [59.569992, 149.87375, 0.0]
[100] pos: [-973.4375, 117.40625, 29.78125], ang: [59.316994, 151.29054, 0.0]
[101] pos: [-969.3125, 116.28125, 28.0625], ang: [58.9628, 152.80855, 0.0]
[102] pos: [-965.125, 115.28125, 26.21875], ang: [58.50741, 154.52895, 0.0]
[103] pos: [-960.875, 114.40625, 24.25], ang: [57.849613, 156.75534, 0.0]
[104] pos: [-956.59375, 113.625, 22.125], ang: [57.24242, 158.67813, 0.0]
[105] pos: [-952.25, 113.0, 19.84375], ang: [56.685825, 160.65152, 0.0]
[106] pos: [-947.90625, 112.46875, 17.46875], ang: [56.02803, 162.77672, 0.0]
[107] pos: [-943.5, 112.0625, 14.9375], ang: [55.420834, 164.59831, 0.0]
[108] pos: [-939.0625, 111.78125, 12.28125], ang: [54.763042, 166.7235, 0.0]
[109] pos: [-934.625, 111.625, 8.75], ang: [53.95345, 168.8487, 0.0]
[109] +jump 112
[109] -jump 112
[110] pos: [-928.1875, 111.34375, 11.09375], ang: [53.143852, 170.92328, 0.0]
[111] pos: [-921.71875, 111.40625, 13.28125], ang: [52.486057, 172.59308, 0.0]
[112] pos: [-915.1875, 111.71875, 15.34375], ang: [51.625866, 174.92067, 0.0]
[112] +jump 112
[112] -jump 112
[113] pos: [-908.6875, 112.1875, 17.28125], ang: [51.018673, 176.38808, 0.0]
[114] pos: [-902.15625, 112.75, 19.0625], ang: [50.41148, 178.10847, 0.0]
[114] +jump 112
[114] -jump 112
[115] pos: [-895.65625, 113.46875, 20.71875], ang: [49.65249, -179.66513, 0.0]
[115] +jump 112
[115] -jump 112
[116] pos: [-889.125, 114.28125, 22.25], ang: [49.19709, -178.04593, 0.0]
[117] pos: [-882.625, 115.1875, 23.65625], ang: [48.792294, -176.47733, 0.0]
[117] +jump 112
[117] -jump 112
[118] pos: [-876.09375, 116.09375, 24.90625], ang: [48.336895, -174.70631, 0.0]
[118] +jump 112
[118] -jump 112
[119] pos: [-869.59375, 117.0, 26.0], ang: [47.982697, -173.3401, 0.0]
[119] +jump 112
[119] -jump 112
[120] pos: [-863.0625, 117.875, 27.0], ang: [47.5273, -171.3667, 0.0]
[121] pos: [-856.5625, 118.78125, 27.84375], ang: [47.173103, -169.7981, 0.0]
[121] +jump 112
[121] -jump 112
[122] pos: [-850.03125, 119.6875, 28.5625], ang: [46.667107, -167.6729, 0.0]
[122] +jump 112
[122] -jump 112
[123] pos: [-843.53125, 120.59375, 29.125], ang: [46.36351, -166.40788, 0.0]
[124] pos: [-837.0, 121.5, 29.5625], ang: [45.90811, -164.78868, 0.0]
[124] +jump 112
[124] -jump 112
[125] pos: [-830.5, 122.375, 29.875], ang: [45.503315, -163.52367, 0.0]
[125] +moveleft 11
[126] pos: [-823.96875, 123.28125, 30.0625], ang: [45.047916, -162.51167, 0.0]
[127] pos: [-817.46875, 124.1875, 30.09375], ang: [44.64312, -161.9551, 0.0]
[127] -moveright 14
[127] +jump 112
[127] -jump 112
[128] pos: [-810.9375, 125.09375, 30.0], ang: [44.137123, -161.6009, 0.0]
[129] pos: [-804.4375, 126.0, 29.75], ang: [43.782925, -161.55031, 0.0]
[129] toggle_duck
[130] pos: [-797.90625, 126.875, 29.40625], ang: [43.023933, -161.6515, 0.0]
[131] pos: [-791.375, 127.78125, 28.90625], ang: [42.26494, -161.9551, 0.0]
[132] pos: [-784.875, 128.6875, 28.25], ang: [41.50594, -162.46107, 0.0]
[132] -duck 32
[133] pos: [-778.34375, 129.59375, 27.46875], ang: [40.392742, -163.27066, 0.0]
[134] pos: [-771.84375, 130.5, 26.5625], ang: [39.532543, -163.97903, 0.0]
[135] pos: [-765.3125, 131.34375, 25.53125], ang: [38.72295, -164.7886, 0.0]
[136] pos: [-758.75, 132.0625, 24.34375], ang: [37.86275, -165.6994, 0.0]
[137] pos: [-752.15625, 132.71875, 23.03125], ang: [37.002552, -166.6102, 0.0]
[138] pos: [-745.5625, 133.25, 21.59375], ang: [36.142357, -167.62218, 0.0]
[139] pos: [-738.9375, 133.6875, 20.0], ang: [35.585762, -168.48236, 0.0]
[143] pos: [-712.28125, 134.15625, 12.34375], ang: [33.258163, -172.93515, 0.0]
[143] +jump 113
[143] -jump 113
[144] pos: [-705.5625, 133.96875, 10.0625], ang: [32.954567, -173.74475, 0.0]
[145] pos: [-698.875, 133.71875, 7.6875], ang: [32.650967, -174.60497, 0.0]
[146] pos: [-692.15625, 133.3125, 5.15625], ang: [32.347374, -175.61696, 0.0]
[146] +jump 113
[146] -jump 113
[147] pos: [-685.40625, 132.8125, 2.5], ang: [32.246178, -176.73013, 0.0]
[148] pos: [-678.6875, 132.1875, 0.03125], ang: [32.19558, -177.53972, 0.0]
[148] +jump 113
[148] -jump 113
[149] pos: [-667.6875, 131.6875, 2.34375], ang: [32.246178, -178.60231, 0.0]
[150] pos: [-656.65625, 130.875, 2.21875], ang: [32.397972, -179.56369, 0.0]
[150] +jump 113
[150] -jump 113
[151] pos: [-645.65625, 129.96875, 4.28125], ang: [32.752167, 179.27254, 0.0]
[152] pos: [-634.65625, 129.0625, 6.1875], ang: [33.106365, 178.31114, 0.0]
[152] +jump 113
[152] -jump 113
[153] pos: [-623.625, 128.15625, 8.0], ang: [33.51116, 177.19795, 0.0]
[153] +jump 113
[153] -jump 113
[154] pos: [-612.625, 127.28125, 9.65625], ang: [33.91596, 176.28717, 0.0]
[155] pos: [-601.59375, 126.375, 11.1875], ang: [34.371353, 175.47758, 0.0]
[155] +jump 113
[155] -jump 113
[156] pos: [-590.59375, 125.46875, 12.5625], ang: [34.97855, 174.7692, 0.0]
[157] pos: [-579.5625, 124.5625, 13.8125], ang: [35.484547, 174.31381, 0.0]
[157] +jump 113
[157] -jump 113
[158] pos: [-568.5625, 123.65625, 14.9375], ang: [36.19294, 173.90903, 0.0]
[158] -moveleft 11
[158] +jump 113
[158] -jump 113
[159] pos: [-557.5625, 122.78125, 15.90625], ang: [36.901337, 173.75723, 0.0]
[159] +moveright 14
[160] pos: [-546.53125, 122.0, 16.75], ang: [37.559135, 173.70663, 0.0]
[160] +jump 113
[160] -jump 113
[161] pos: [-535.46875, 121.34375, 17.46875], ang: [38.11573, 173.85843, 0.0]
[161] +jump 113
[161] -jump 113
[162] pos: [-524.4375, 120.8125, 18.0625], ang: [38.722927, 174.21262, 0.0]
[162] +jump 113
[162] -jump 113
[163] pos: [-513.375, 120.4375, 18.5], ang: [39.33012, 174.8198, 0.0]
[164] pos: [-502.28125, 120.15625, 18.8125], ang: [39.886715, 175.37637, 0.0]
[165] pos: [-491.21875, 120.0, 18.96875], ang: [40.342113, 176.13535, 0.0]
[166] pos: [-480.125, 120.0, 19.0], ang: [40.696312, 176.99554, 0.0]
[167] pos: [-469.03125, 120.09375, 18.90625], ang: [40.949306, 178.00755, 0.0]
[168] pos: [-457.9375, 120.34375, 18.6875], ang: [41.1011, 179.12076, 0.0]
[169] pos: [-446.84375, 120.71875, 18.3125], ang: [41.1011, -179.61423, 0.0]
[170] pos: [-435.71875, 121.1875, 17.8125], ang: [40.949306, -178.0962, 0.0]
[171] pos: [-424.625, 121.8125, 17.1875], ang: [40.645714, -177.03362, 0.0]
[172] pos: [-413.53125, 122.5625, 16.40625], ang: [40.038517, -175.56624, 0.0]
[172] autosavedangerous
[173] pos: [-402.4375, 123.40625, 15.5], ang: [39.48192, -174.70605, 0.0]
[173] +moveleft 11
[174] pos: [-391.34375, 124.28125, 14.4375], ang: [38.722923, -173.69405, 0.0]
[175] pos: [-380.25, 125.15625, 13.28125], ang: [37.660328, -172.47966, 0.0]
[176] pos: [-369.15625, 126.03125, 11.96875], ang: [36.54713, -171.51826, 0.0]
[177] pos: [-358.0625, 126.875, 10.5], ang: [35.535133, -170.75926, 0.0]
[177] -moveright 14
[178] pos: [-346.96875, 127.75, 8.9375], ang: [34.219536, -170.15208, 0.0]
[178] toggle_duck
[179] pos: [-335.875, 128.625, 43.21875], ang: [33.05574, -169.94969, 0.0]
[179] +jump 112
[179] -jump 112
[180] pos: [-324.78125, 129.5, 41.375], ang: [31.638943, -169.94969, 0.0]
[181] pos: [-313.6875, 130.34375, 39.375], ang: [30.424541, -170.20268, 0.0]
[182] pos: [-302.5625, 131.21875, 36.03125], ang: [29.05834, -170.65807, 0.0]
[182] +jump 112
[182] -jump 112
[183] pos: [-282.9375, 133.375, 38.34375], ang: [27.590939, -171.36644, 0.0]
[184] pos: [-263.21875, 135.0625, 38.21875], ang: [26.123537, -172.53024, 0.0]
[185] pos: [-243.4375, 136.40625, 40.28125], ang: [25.364536, -173.49164, 0.0]
[185] +jump 112
[185] -jump 112
[186] pos: [-223.6875, 137.625, 42.1875], ang: [24.554935, -174.80725, 0.0]
[186] +jump 112
[186] -jump 112
[187] pos: [-203.90625, 138.71875, 44.0], ang: [24.150135, -175.92046, 0.0]
[188] pos: [-184.125, 139.6875, 45.65625], ang: [23.846535, -177.08424, 0.0]
[188] +jump 112
[188] -jump 112
[189] pos: [-164.34375, 140.53125, 47.1875], ang: [23.745335, -177.89384, 0.0]
[189] +jump 112
[189] -jump 112
[190] pos: [-144.5625, 141.25, 48.5625], ang: [23.745335, -178.29865, 0.0]
[190] +moveright 14
[190] +jump 112
[190] -jump 112
[191] pos: [-124.75, 141.96875, 49.8125], ang: [23.745335, -178.55164, 0.0]
[191] +jump 112
[191] -jump 112
[192] pos: [-104.96875, 142.6875, 50.9375], ang: [23.745335, -178.55164, 0.0]
[193] pos: [-85.1875, 143.40625, 51.90625], ang: [23.897135, -178.55164, 0.0]
[193] +jump 112
[193] -jump 112
[193] -moveleft 11
[194] pos: [-65.375, 144.25, 52.75], ang: [24.150135, -178.60223, 0.0]
[195] pos: [-45.59375, 145.15625, 53.46875], ang: [24.554935, -178.60223, 0.0]
[195] +jump 112
[195] -jump 112
[197] pos: [-6.03125, 146.9375, 54.5], ang: [25.617537, -178.55164, 0.0]
[198] pos: [13.75, 147.84375, 54.8125], ang: [26.224737, -178.45044, 0.0]
[198] +duck 32
[199] pos: [33.53125, 148.75, 90.96875], ang: [26.882538, -178.24805, 0.0]
[200] pos: [53.3125, 149.65625, 91.0], ang: [27.439138, -178.09625, 0.0]
[200] +jump 113
[200] -jump 113
[201] pos: [73.125, 150.5625, 90.90625], ang: [28.046339, -177.94446, 0.0]
[201] +jump 113
[201] -jump 113
[202] pos: [92.90625, 151.4375, 90.6875], ang: [28.55234, -177.94446, 0.0]
[202] +jump 113
[202] -jump 113
[203] pos: [112.6875, 152.34375, 90.3125], ang: [29.00774, -177.94446, 0.0]
[203] +moveleft 11
[203] +jump 113
[203] -jump 113
[204] pos: [132.5, 153.25, 89.8125], ang: [29.66554, -177.94446, 0.0]
[205] pos: [152.28125, 154.15625, 89.1875], ang: [30.272741, -177.94446, 0.0]
[205] -moveright 14
[205] +jump 113
[205] -jump 113
[206] pos: [172.0625, 154.90625, 88.40625], ang: [30.879942, -177.89386, 0.0]
[207] pos: [191.875, 155.5625, 87.5], ang: [31.487143, -177.89386, 0.0]
[207] +jump 113
[207] -jump 113
[208] pos: [211.6875, 156.09375, 86.4375], ang: [32.144943, -177.84326, 0.0]
[209] pos: [231.5, 156.46875, 85.28125], ang: [32.954536, -177.84326, 0.0]
[210] pos: [251.3125, 156.75, 83.96875], ang: [33.61233, -177.79266, 0.0]
[210] +jump 113
[210] -jump 113
[211] pos: [271.125, 156.90625, 82.5], ang: [34.320724, -177.79266, 0.0]
[212] pos: [290.9375, 156.90625, 80.9375], ang: [34.92792, -177.74207, 0.0]
[213] pos: [310.78125, 156.78125, 79.21875], ang: [35.636314, -177.74207, 0.0]
[213] +jump 113
[213] -jump 113
[214] pos: [330.59375, 156.65625, 77.375], ang: [36.091713, -177.84326, 0.0]
[215] pos: [350.4375, 156.4375, 75.375], ang: [36.74951, -177.99506, 0.0]
[216] pos: [370.28125, 156.15625, 73.25], ang: [37.457905, -178.24805, 0.0]
[217] pos: [390.09375, 155.75, 71.0], ang: [38.115704, -178.50104, 0.0]
[218] pos: [409.9375, 155.25, 68.59375], ang: [39.2795, -179.00702, 0.0]
[219] pos: [429.78125, 154.625, 66.0625], ang: [40.240894, -179.3612, 0.0]
[220] pos: [449.625, 153.84375, 63.40625], ang: [41.25289, -179.6648, 0.0]
[221] pos: [469.46875, 152.96875, 60.625], ang: [42.619087, 179.98102, 0.0]
[221] +jump 112
[221] -jump 112
[222] pos: [489.3125, 152.0625, 57.6875], ang: [43.934685, 179.57623, 0.0]
[223] pos: [509.15625, 151.15625, 54.625], ang: [45.351482, 179.27264, 0.0]
[223] +jump 112
[223] -jump 112
[224] pos: [529.0, 150.28125, 51.40625], ang: [47.476677, 178.81726, 0.0]
[224] -moveleft 11
[225] pos: [548.84375, 149.375, 48.0625], ang: [48.741676, 178.61487, 0.0]
[225] -duck 32
[225] +jump 112
[225] -jump 112
[226] pos: [568.6875, 148.46875, 44.59375], ang: [51.47407, 178.21008, 0.0]
[226] +jump 112
[226] -jump 112
[227] pos: [588.53125, 147.5625, 5.0], ang: [53.95347, 177.8559, 0.0]
[228] pos: [608.375, 146.65625, -0.46875], ang: [56.331665, 177.6535, 0.0]
[228] +jump 112
[228] -jump 112
[229] pos: [644.6875, 145.0625, 1.78125], ang: [59.215866, 177.50171, 0.0]
[230] pos: [681.0, 143.4375, 39.90625], ang: [61.54346, 177.40051, 0.0]
[230] +jump 112
[230] -jump 112
[231] pos: [717.3125, 141.8125, 41.90625], ang: [64.32646, 177.29932, 0.0]
[231] +jump 112
[231] -jump 112
[231] +jump 112
[231] -jump 112
[232] pos: [753.625, 140.1875, 43.78125], ang: [67.46366, 177.24872, 0.0]
[232] +jump 112
[232] -jump 112
[233] pos: [789.9375, 138.5625, 45.5], ang: [70.04426, 177.34991, 0.0]
[233] +jump 112
[233] -jump 112
[234] pos: [826.25, 136.96875, 47.09375], ang: [73.33326, 177.9065, 0.0]
[234] +jump 112
[234] -jump 112
[235] pos: [862.5625, 135.34375, 48.53125], ang: [75.45846, 178.61487, 0.0]
[235] +jump 112
[235] -jump 112
[236] pos: [896.6875, 133.8125, 18.53125], ang: [77.53306, 179.62686, 0.0]
[237] pos: [928.78125, 132.375, 18.53125], ang: [79.00045, -179.31055, 0.0]
[238] pos: [958.9375, 131.03125, 18.53125], ang: [79.759445, -178.45038, 0.0]
[238] +jump 112
[238] -jump 112
[239] pos: [1008.28125, 131.5, 20.8125], ang: [79.86064, -177.6914, 0.0]
[239] +jump 112
[239] -jump 112
[240] pos: [1008.34375, 141.25, 58.9375], ang: [79.40525, -177.48901, 0.0]
[241] pos: [1004.15625, 148.53125, 60.9375], ang: [77.634254, -177.23602, 0.0]
[242] pos: [999.96875, 155.8125, 62.78125], ang: [75.00305, -177.03363, 0.0]
[243] pos: [995.78125, 163.09375, 64.53125], ang: [71.208046, -176.83124, 0.0]
[244] pos: [990.25, 168.0625, 66.125], ang: [66.95764, -176.62885, 0.0]
[245] pos: [983.9375, 171.71875, 67.5625], ang: [61.23984, -176.32526, 0.0]
[246] pos: [977.65625, 175.34375, 68.875], ang: [53.902843, -176.02167, 0.0]
[247] pos: [971.34375, 178.96875, 70.0625], ang: [47.72964, -175.86987, 0.0]
[248] pos: [965.03125, 182.625, 71.125], ang: [42.619045, -175.86987, 0.0]
[249] pos: [960.25, 180.8125, 72.03125], ang: [37.761448, -176.07227, 0.0]
[250] pos: [955.78125, 177.96875, 72.8125], ang: [33.35925, -176.52765, 0.0]
[251] pos: [951.3125, 175.09375, 73.46875], ang: [28.451054, -177.18542, 0.0]
[252] pos: [946.8125, 172.25, 73.96875], ang: [24.301855, -177.53961, 0.0]
[253] pos: [942.34375, 169.375, 74.34375], ang: [21.670654, -177.53961, 0.0]
[254] pos: [937.875, 166.53125, 74.59375], ang: [18.988852, -177.18542, 0.0]
[255] pos: [933.40625, 163.6875, 74.6875], ang: [16.509449, -176.62885, 0.0]
[256] pos: [928.90625, 160.8125, 74.65625], ang: [14.33365, -176.17346, 0.0]
[257] pos: [927.53125, 157.96875, 74.5], ang: [12.46145, -175.86987, 0.0]
[258] pos: [927.53125, 155.09375, 74.1875], ang: [11.247048, -175.76868, 0.0]
[259] pos: [927.53125, 152.25, 73.75], ang: [10.3868475, -175.81927, 0.0]
[260] pos: [927.53125, 149.375, 73.1875], ang: [9.982047, -175.86987, 0.0]
[261] pos: [927.53125, 146.53125, 72.5], ang: [9.729047, -175.92047, 0.0]
[261] +back 29
[262] pos: [927.65625, 143.6875, 71.65625], ang: [9.627847, -175.92047, 0.0]
[263] pos: [927.90625, 140.84375, 70.65625], ang: [9.476047, -175.92047, 0.0]
[264] pos: [928.28125, 138.03125, 69.5625], ang: [9.4254465, -175.97107, 0.0]
[264] +attack 107
[265] pos: [928.78125, 135.1875, 68.3125], ang: [9.273646, -176.02167, 0.0]
[266] pos: [929.40625, 132.375, 66.9375], ang: [9.223046, -176.07227, 0.0]
[267] pos: [930.15625, 129.5625, 65.40625], ang: [9.223046, -176.07227, 0.0]
[268] pos: [931.0625, 126.78125, 63.78125], ang: [9.223046, -176.07227, 0.0]
[269] pos: [932.0625, 124.0, 62.0], ang: [9.223046, -176.07227, 0.0]
[270] pos: [933.15625, 121.21875, 60.0625], ang: [9.223046, -176.07227, 0.0]
[270] -attack 107
[271] pos: [934.25, 118.4375, 58.0], ang: [9.223046, -176.12286, 0.0]
[272] pos: [935.34375, 115.65625, 55.8125], ang: [9.223046, -176.27466, 0.0]
[272] +moveright 14
[273] pos: [936.59375, 113.28125, 18.53125], ang: [9.172446, -176.47705, 0.0]
[274] pos: [938.0, 111.3125, 18.53125], ang: [9.172446, -176.57825, 0.0]
[275] pos: [939.53125, 109.71875, 18.53125], ang: [9.172446, -176.57825, 0.0]
[276] pos: [941.1875, 108.46875, 18.53125], ang: [9.172446, -176.57825, 0.0]
[277] pos: [943.0, 107.5625, 18.53125], ang: [9.172446, -176.57825, 0.0]
[278] pos: [944.90625, 106.9375, 18.53125], ang: [9.172446, -176.67944, 0.0]
[279] pos: [946.9375, 106.625, 18.53125], ang: [9.121846, -176.78064, 0.0]
[280] pos: [949.0625, 106.5625, 18.53125], ang: [9.121846, -176.93243, 0.0]
[281] pos: [951.28125, 106.75, 18.53125], ang: [9.020646, -177.13483, 0.0]
[282] pos: [953.59375, 107.1875, 18.53125], ang: [8.970046, -177.18542, 0.0]
[283] pos: [956.0, 107.875, 18.53125], ang: [8.970046, -177.18542, 0.0]
[284] pos: [958.4375, 108.6875, 18.53125], ang: [8.970046, -177.23602, 0.0]
[285] pos: [960.84375, 109.5625, 18.53125], ang: [8.970046, -177.23602, 0.0]
[286] pos: [963.15625, 110.46875, 18.53125], ang: [8.970046, -177.23602, 0.0]
[287] pos: [965.46875, 111.4375, 18.53125], ang: [8.970046, -177.23602, 0.0]
[288] pos: [967.6875, 112.4375, 18.53125], ang: [8.970046, -177.23602, 0.0]
[289] pos: [969.875, 113.5, 18.53125], ang: [8.970046, -177.23602, 0.0]
[290] pos: [972.03125, 114.5625, 18.53125], ang: [8.970046, -177.23602, 0.0]
[291] pos: [974.15625, 115.6875, 18.53125], ang: [8.970046, -177.23602, 0.0]
[292] pos: [976.25, 116.84375, 18.53125], ang: [8.970046, -177.23602, 0.0]
[293] pos: [978.28125, 118.03125, 18.53125], ang: [8.970046, -177.23602, 0.0]
[294] pos: [980.3125, 119.25, 18.53125], ang: [8.970046, -177.23602, 0.0]
[295] pos: [982.28125, 120.46875, 18.53125], ang: [8.970046, -177.23602, 0.0]
[296] pos: [984.25, 121.75, 18.53125], ang: [8.970046, -177.23602, 0.0]
[297] pos: [986.15625, 123.03125, 18.53125], ang: [8.970046, -177.23602, 0.0]
[298] pos: [988.0625, 124.34375, 18.53125], ang: [8.970046, -177.23602, 0.0]
[299] pos: [989.9375, 125.65625, 18.53125], ang: [8.970046, -177.23602, 0.0]
[300] pos: [991.8125, 127.03125, 18.53125], ang: [8.970046, -177.23602, 0.0]
[301] pos: [993.65625, 128.40625, 18.53125], ang: [8.970046, -177.23602, 0.0]
[302] pos: [995.46875, 129.78125, 18.53125], ang: [8.970046, -177.23602, 0.0]
[303] pos: [997.25, 131.1875, 18.53125], ang: [8.970046, -177.23602, 0.0]
[304] pos: [999.03125, 132.59375, 18.53125], ang: [8.970046, -177.23602, 0.0]
[305] pos: [1000.8125, 134.03125, 18.53125], ang: [8.970046, -177.23602, 0.0]
[305] -moveright 14
[305] -back 29
[306] pos: [1002.46875, 135.40625, 18.53125], ang: [8.970046, -177.23602, 0.0]
[307] pos: [1004.03125, 136.65625, 18.53125], ang: [8.970046, -177.23602, 0.0]
[307] autosavedangerousissafe
[308] pos: [1005.5, 137.84375, 18.53125], ang: [8.970046, -177.23602, 0.0]
[309] pos: [1006.875, 138.96875, 18.53125], ang: [8.970046, -177.23602, 0.0]
[310] pos: [1008.1875, 140.03125, 18.53125], ang: [8.970046, -177.23602, 0.0]
[311] pos: [1008.71875, 140.625, 18.53125], ang: [8.970046, -177.23602, 0.0]
[312] pos: [1008.625, 140.75, 18.53125], ang: [8.970046, -177.23602, 0.0]
[313] pos: [1008.59375, 140.8125, 18.53125], ang: [8.970046, -177.23602, 0.0]
[314] pos: [1008.59375, 140.8125, 18.53125], ang: [8.970046, -177.23602, 0.0]
[315] pos: [1008.59375, 140.8125, 18.53125], ang: [8.970046, -177.23602, 0.0]
[316] pos: [1008.59375, 140.8125, 18.53125], ang: [8.970046, -177.23602, 0.0]
[317] pos: [1008.59375, 140.8125, 18.53125], ang: [8.970046, -177.23602, 0.0]
[318] pos: [1008.59375, 140.8125, 18.53125], ang: [8.970046, -177.23602, 0.0]
[319] pos: [1008.59375, 140.8125, 18.53125], ang: [8.970046, -177.23602, 0.0]
[320] pos: [1008.59375, 140.8125, 18.53125], ang: [8.970046, -177.23602, 0.0]
[321] pos: [1008.59375, 140.8125, 18.53125], ang: [8.970046, -177.23602, 0.0]
[322] pos: [1008.59375, 140.8125, 18.53125], ang: [8.970046, -177.23602, 0.0]
[323] pos: [1008.59375, 140.8125, 18.53125], ang: [8.970046, -177.23602, 0.0]
[324] pos: [1008.59375, 140.8125, 18.53125], ang: [8.970046, -177.23602, 0.0]
[325] pos: [1008.59375, 140.8125, 18.53125], ang: [8.970046, -177.23602, 0.0]
[326] pos: [1008.59375, 140.8125, 18.53125], ang: [8.970046, -177.23602, 0.0]
[327] pos: [1008.59375, 140.8125, 18.53125], ang: [8.970046, -177.23602, 0.0]
[328] pos: [1008.59375, 140.8125, 18.53125], ang: [8.970046, -177.23602, 0.0]
[329] pos: [1008.59375, 140.8125, 18.53125], ang: [8.970046, -177.23602, 0.0]
[331] pos: [1008.59375, 140.8125, 18.53125], ang: [8.970046, -177.23602, 0.0]
[332] pos: [1008.59375, 140.8125, 18.53125], ang: [8.970046, -177.23602, 0.0]
[333] pos: [1008.59375, 140.8125, 18.53125], ang: [8.970046, -177.23602, 0.0]
[334] pos: [1008.59375, 140.8125, 18.53125], ang: [8.970046, -177.23602, 0.0]
[335] pos: [1008.59375, 140.8125, 18.53125], ang: [8.970046, -177.23602, 0.0]
[336] pos: [1008.59375, 140.8125, 18.53125], ang: [8.970046, -177.23602, 0.0]
[337] pos: [1008.59375, 140.8125, 18.53125], ang: [8.970046, -177.23602, 0.0]
[338] pos: [1008.59375, 140.8125, 18.53125], ang: [8.970046, -177.23602, 0.0]
[339] pos: [1008.59375, 140.8125, 18.53125], ang: [8.970046, -177.23602, 0.0]
[340] pos: [1008.59375, 140.8125, 18.53125], ang: [8.970046, -177.23602, 0.0]
[341] pos: [1008.59375, 140.8125, 18.53125], ang: [8.970046, -177.23602, 0.0]
[342] pos: [1008.59375, 140.8125, 18.53125], ang: [8.970046, -177.23602, 0.0]
[343] pos: [1008.59375, 140.8125, 18.53125], ang: [8.970046, -177.23602, 0.0]
[344] pos: [1008.59375, 140.8125, 18.53125], ang: [8.970046, -177.23602, 0.0]
[345] pos: [1008.59375, 140.8125, 18.53125], ang: [8.970046, -177.23602, 0.0]
[346] pos: [1008.59375, 140.8125, 18.53125], ang: [8.970046, -177.23602, 0.0]
[347] pos: [1008.59375, 140.8125, 18.53125], ang: [8.970046, -177.23602, 0.0]
[348] pos: [1008.59375, 140.8125, 18.53125], ang: [8.970046, -177.23602, 0.0]
[349] pos: [1008.59375, 140.8125, 18.53125], ang: [8.970046, -177.23602, 0.0]
[350] pos: [1008.59375, 140.8125, 18.53125], ang: [8.970046, -177.23602, 0.0]
[351] pos: [1008.59375, 140.8125, 18.53125], ang: [8.970046, -177.23602, 0.0]
[352] pos: [1008.59375, 140.8125, 18.53125], ang: [8.970046, -177.23602, 0.0]
[353] pos: [1008.59375, 140.8125, 18.53125], ang: [8.970046, -177.23602, 0.0]
[354] pos: [1008.59375, 140.8125, 18.53125], ang: [8.970046, -177.23602, 0.0]
[355] pos: [1008.59375, 140.8125, 18.53125], ang: [8.970046, -177.23602, 0.0]
[356] pos: [1008.59375, 140.8125, 18.53125], ang: [8.970046, -177.23602, 0.0]
[357] pos: [1008.59375, 140.8125, 18.53125], ang: [8.970046, -177.23602, 0.0]
[358] pos: [1008.59375, 140.8125, 18.53125], ang: [8.970046, -177.23602, 0.0]
[359] pos: [1008.59375, 140.8125, 18.53125], ang: [8.970046, -177.23602, 0.0]
[360] pos: [1008.59375, 140.8125, 18.53125], ang: [8.970046, -177.23602, 0.0]
[361] pos: [1008.59375, 140.8125, 18.53125], ang: [8.970046, -177.23602, 0.0]
[362] pos: [1008.59375, 140.8125, 18.53125], ang: [8.970046, -177.23602, 0.0]
[363] pos: [1008.59375, 140.8125, 18.53125], ang: [8.970046, -177.23602, 0.0]
[364] pos: [1008.59375, 140.8125, 18.53125], ang: [8.970046, -177.23602, 0.0]
[365] pos: [1008.59375, 140.8125, 18.53125], ang: [8.970046, -177.23602, 0.0]
[366] pos: [1008.59375, 140.8125, 18.53125], ang: [8.970046, -177.23602, 0.0]
[367] pos: [1008.59375, 140.8125, 18.53125], ang: [8.970046, -177.23602, 0.0]
[368] pos: [1008.59375, 140.8125, 18.53125], ang: [8.970046, -177.23602, 0.0]
[369] pos: [1008.59375, 140.8125, 18.53125], ang: [8.970046, -177.23602, 0.0]
[370] pos: [1008.59375, 140.8125, 18.53125], ang: [8.970046, -177.23602, 0.0]
[371] pos: [1008.59375, 140.8125, 18.53125], ang: [8.970046, -177.23602, 0.0]
[372] pos: [1008.59375, 140.8125, 18.53125], ang: [8.970046, -177.23602, 0.0]
[373] pos: [1008.59375, 140.8125, 18.53125], ang: [8.970046, -177.23602, 0.0]
[374] pos: [1008.59375, 140.8125, 18.53125], ang: [8.970046, -177.23602, 0.0]
[375] pos: [1008.59375, 140.8125, 18.53125], ang: [8.970046, -177.23602, 0.0]
[376] pos: [1008.59375, 140.8125, 18.53125], ang: [8.970046, -177.23602, 0.0]
[377] pos: [1008.59375, 140.8125, 18.53125], ang: [8.970046, -177.23602, 0.0]
[378] pos: [1008.59375, 140.8125, 18.53125], ang: [8.970046, -177.23602, 0.0]
[379] pos: [1008.59375, 140.8125, 18.53125], ang: [8.970046, -177.23602, 0.0]
[380] pos: [1008.59375, 140.8125, 18.53125], ang: [8.970046, -177.23602, 0.0]
[381] pos: [1008.59375, 140.8125, 18.53125], ang: [8.970046, -177.23602, 0.0]
[382] pos: [1008.59375, 140.8125, 18.53125], ang: [8.970046, -177.23602, 0.0]
[383] pos: [1008.59375, 140.8125, 18.53125], ang: [8.970046, -177.23602, 0.0]
[384] pos: [1008.59375, 140.8125, 18.53125], ang: [8.970046, -177.23602, 0.0]
[385] pos: [1008.59375, 140.8125, 18.53125], ang: [8.970046, -177.23602, 0.0]
[386] pos: [1008.59375, 140.8125, 18.53125], ang: [8.970046, -177.23602, 0.0]
[387] pos: [1008.59375, 140.8125, 18.53125], ang: [8.970046, -177.23602, 0.0]
[388] pos: [1008.59375, 140.8125, 18.53125], ang: [8.970046, -177.23602, 0.0]
[389] pos: [1008.59375, 140.8125, 18.53125], ang: [8.970046, -177.23602, 0.0]
[390] pos: [1008.59375, 140.8125, 18.53125], ang: [8.970046, -177.23602, 0.0]
[391] pos: [1008.59375, 140.8125, 18.53125], ang: [8.970046, -177.23602, 0.0]
[392] pos: [1008.59375, 140.8125, 18.53125], ang: [8.970046, -177.23602, 0.0]
[393] pos: [1008.59375, 140.8125, 18.53125], ang: [8.970046, -177.23602, 0.0]
[394] pos: [1008.59375, 140.8125, 18.53125], ang: [8.970046, -177.23602, 0.0]
[395] pos: [1008.59375, 140.8125, 18.53125], ang: [8.970046, -177.23602, 0.0]
[396] pos: [1008.59375, 140.8125, 18.53125], ang: [8.970046, -177.23602, 0.0]
[397] pos: [1008.59375, 140.8125, 18.53125], ang: [8.970046, -177.23602, 0.0]
[398] pos: [1008.59375, 140.8125, 18.53125], ang: [8.970046, -177.23602, 0.0]
[399] pos: [1008.59375, 140.8125, 18.53125], ang: [8.970046, -177.23602, 0.0]
[400] pos: [1008.59375, 140.8125, 18.53125], ang: [8.970046, -177.23602, 0.0]
[401] pos: [1008.59375, 140.8125, 18.53125], ang: [8.970046, -177.23602, 0.0]
[402] pos: [1008.59375, 140.8125, 18.53125], ang: [8.970046, -177.23602, 0.0]
[403] pos: [1008.59375, 140.8125, 18.53125], ang: [8.970046, -177.23602, 0.0]
[404] pos: [1008.59375, 140.8125, 18.53125], ang: [8.970046, -177.23602, 0.0]
[405] pos: [1008.59375, 140.8125, 18.53125], ang: [8.970046, -177.23602, 0.0]
[406] pos: [1008.59375, 140.8125, 18.53125], ang: [8.970046, -177.23602, 0.0]
[407] pos: [1008.59375, 140.8125, 18.53125], ang: [8.970046, -177.23602, 0.0]
[408] pos: [1008.59375, 140.8125, 18.53125], ang: [8.970046, -177.23602, 0.0]
[409] pos: [1008.59375, 140.8125, 18.53125], ang: [8.970046, -177.23602, 0.0]
[410] pos: [1008.59375, 140.8125, 18.53125], ang: [8.970046, -177.23602, 0.0]
[411] pos: [1008.59375, 140.8125, 18.53125], ang: [8.970046, -177.23602, 0.0]
[412] pos: [1008.59375, 140.8125, 18.53125], ang: [8.970046, -177.23602, 0.0]
[413] pos: [1008.59375, 140.8125, 18.53125], ang: [8.970046, -177.23602, 0.0]
[414] pos: [1008.59375, 140.8125, 18.53125], ang: [8.970046, -177.23602, 0.0]
[415] pos: [1008.59375, 140.8125, 18.53125], ang: [8.970046, -177.23602, 0.0]
[416] pos: [1008.59375, 140.8125, 18.53125], ang: [8.970046, -177.23602, 0.0]
[417] pos: [1008.59375, 140.8125, 18.53125], ang: [8.970046, -177.23602, 0.0]
[418] pos: [1008.59375, 140.8125, 18.53125], ang: [8.970046, -177.23602, 0.0]
[419] pos: [1008.59375, 140.8125, 18.53125], ang: [8.970046, -177.23602, 0.0]
[420] pos: [1008.59375, 140.8125, 18.53125], ang: [8.970046, -177.23602, 0.0]
[421] pos: [1008.59375, 140.8125, 18.53125], ang: [8.970046, -177.23602, 0.0]
[422] pos: [1008.59375, 140.8125, 18.53125], ang: [8.970046, -177.23602, 0.0]
[423] pos: [1008.59375, 140.8125, 18.53125], ang: [8.970046, -177.23602, 0.0]
[424] pos: [1008.59375, 140.8125, 18.53125], ang: [8.970046, -177.23602, 0.0]
[425] pos: [1008.59375, 140.8125, 18.53125], ang: [8.970046, -177.23602, 0.0]
[426] pos: [1008.59375, 140.8125, 18.53125], ang: [8.970046, -177.23602, 0.0]
[427] pos: [1008.59375, 140.8125, 18.53125], ang: [8.970046, -177.23602, 0.0]
[428] pos: [1008.59375, 140.8125, 18.53125], ang: [8.970046, -177.23602, 0.0]
[429] pos: [1008.59375, 140.8125, 18.53125], ang: [8.970046, -177.23602, 0.0]
[430] pos: [1008.59375, 140.8125, 18.53125], ang: [8.970046, -177.23602, 0.0]
[431] pos: [1008.59375, 140.8125, 18.53125], ang: [8.970046, -177.23602, 0.0]
[432] pos: [1008.59375, 140.8125, 18.53125], ang: [8.970046, -177.23602, 0.0]
[433] pos: [1008.59375, 140.8125, 18.53125], ang: [8.970046, -177.23602, 0.0]
[434] pos: [1008.59375, 140.8125, 18.53125], ang: [8.970046, -177.23602, 0.0]
[435] pos: [1008.59375, 140.8125, 18.53125], ang: [8.970046, -177.23602, 0.0]
[436] pos: [1008.59375, 140.8125, 18.53125], ang: [8.970046, -177.23602, 0.0]
[437] pos: [1008.59375, 140.8125, 18.53125], ang: [8.970046, -177.23602, 0.0]
[438] pos: [1008.59375, 140.8125, 18.53125], ang: [8.970046, -177.23602, 0.0]
[439] pos: [1008.59375, 140.8125, 18.53125], ang: [8.970046, -177.23602, 0.0]
[440] pos: [1008.59375, 140.8125, 18.53125], ang: [8.970046, -177.23602, 0.0]
[441] pos: [1008.59375, 140.8125, 18.53125], ang: [8.970046, -177.23602, 0.0]
[442] pos: [1008.59375, 140.8125, 18.53125], ang: [8.970046, -177.23602, 0.0]
[443] pos: [1008.59375, 140.8125, 18.53125], ang: [8.970046, -177.23602, 0.0]
[444] pos: [1008.59375, 140.8125, 18.53125], ang: [8.970046, -177.23602, 0.0]
[445] pos: [1008.59375, 140.8125, 18.53125], ang: [8.970046, -177.23602, 0.0]
[446] pos: [1008.59375, 140.8125, 18.53125], ang: [8.970046, -177.23602, 0.0]
[447] pos: [1008.59375, 140.8125, 18.53125], ang: [8.970046, -177.23602, 0.0]
[448] pos: [1008.59375, 140.8125, 18.53125], ang: [8.970046, -177.23602, 0.0]
[449] pos: [1008.59375, 140.8125, 18.53125], ang: [8.970046, -177.23602, 0.0]
[450] pos: [1008.59375, 140.8125, 18.53125], ang: [8.970046, -177.23602, 0.0]
[451] pos: [1008.59375, 140.8125, 18.53125], ang: [8.970046, -177.23602, 0.0]
[452] pos: [1008.59375, 140.8125, 18.53125], ang: [8.970046, -177.23602, 0.0]
[453] pos: [1008.59375, 140.8125, 18.53125], ang: [8.970046, -177.23602, 0.0]
[454] pos: [1008.59375, 140.8125, 18.53125], ang: [8.970046, -177.23602, 0.0]
[455] pos: [1008.59375, 140.8125, 18.53125], ang: [8.970046, -177.23602, 0.0]
[456] pos: [1008.59375, 140.8125, 18.53125], ang: [8.970046, -177.23602, 0.0]
[457] pos: [1008.59375, 140.8125, 18.53125], ang: [8.970046, -177.23602, 0.0]
[458] pos: [1008.59375, 140.8125, 18.53125], ang: [8.970046, -177.23602, 0.0]
[459] pos: [1008.59375, 140.8125, 18.53125], ang: [8.970046, -177.23602, 0.0]
[460] pos: [1008.59375, 140.8125, 18.53125], ang: [8.970046, -177.23602, 0.0]
[461] pos: [1008.59375, 140.8125, 18.53125], ang: [8.970046, -177.23602, 0.0]
[462] pos: [1008.59375, 140.8125, 18.53125], ang: [8.970046, -177.23602, 0.0]
[463] pos: [1008.59375, 140.8125, 18.53125], ang: [8.970046, -177.23602, 0.0]
[464] pos: [1008.59375, 140.8125, 18.53125], ang: [8.970046, -177.23602, 0.0]
[465] pos: [1008.59375, 140.8125, 18.53125], ang: [8.970046, -177.23602, 0.0]
[466] pos: [1008.59375, 140.8125, 18.53125], ang: [8.970046, -177.23602, 0.0]
[467] pos: [1008.59375, 140.8125, 18.53125], ang: [8.970046, -177.23602, 0.0]
[468] pos: [1008.59375, 140.8125, 18.53125], ang: [8.970046, -177.23602, 0.0]
[469] pos: [1008.59375, 140.8125, 18.53125], ang: [8.970046, -177.23602, 0.0]
[470] pos: [1008.59375, 140.8125, 18.53125], ang: [8.970046, -177.23602, 0.0]
[471] pos: [1008.59375, 140.8125, 18.53125], ang: [8.970046, -177.23602, 0.0]
[472] pos: [1008.59375, 140.8125, 18.53125], ang: [8.970046, -177.23602, 0.0]
[473] pos: [1008.59375, 140.8125, 18.53125], ang: [8.970046, -177.23602, 0.0]
[474] pos: [1008.59375, 140.8125, 18.53125], ang: [8.970046, -177.23602, 0.0]
[475] pos: [1008.59375, 140.8125, 18.53125], ang: [8.970046, -177.23602, 0.0]
[476] pos: [1008.59375, 140.8125, 18.53125], ang: [8.970046, -177.23602, 0.0]
[477] pos: [1008.59375, 140.8125, 18.53125], ang: [8.970046, -177.23602, 0.0]
[478] pos: [1008.59375, 140.8125, 18.53125], ang: [8.970046, -177.23602, 0.0]
[479] pos: [1008.59375, 140.8125, 18.53125], ang: [8.970046, -177.23602, 0.0]
[480] pos: [1008.59375, 140.8125, 18.53125], ang: [8.970046, -177.23602, 0.0]
[481] pos: [1008.59375, 140.8125, 18.53125], ang: [8.970046, -177.23602, 0.0]
[482] pos: [1008.59375, 140.8125, 18.53125], ang: [8.970046, -177.23602, 0.0]
[483] pos: [1008.59375, 140.8125, 18.53125], ang: [8.970046, -177.23602, 0.0]
[484] pos: [1008.59375, 140.8125, 18.53125], ang: [8.970046, -177.23602, 0.0]
[485] pos: [1008.59375, 140.8125, 18.53125], ang: [8.970046, -177.23602, 0.0]
[486] pos: [1008.59375, 140.8125, 18.53125], ang: [8.970046, -177.23602, 0.0]
[487] pos: [1008.59375, 140.8125, 18.53125], ang: [8.970046, -177.23602, 0.0]
[488] pos: [1008.59375, 140.8125, 18.53125], ang: [8.970046, -177.23602, 0.0]
[489] pos: [1008.59375, 140.8125, 18.53125], ang: [8.970046, -177.23602, 0.0]
[490] pos: [1008.59375, 140.8125, 18.53125], ang: [8.970046, -177.23602, 0.0]
[491] pos: [1008.59375, 140.8125, 18.53125], ang: [8.970046, -177.23602, 0.0]
[492] pos: [1008.59375, 140.8125, 18.53125], ang: [8.970046, -177.23602, 0.0]
[493] pos: [1008.59375, 140.8125, 18.53125], ang: [8.970046, -177.23602, 0.0]
[494] pos: [1008.59375, 140.8125, 18.53125], ang: [8.970046, -177.23602, 0.0]
[495] pos: [1008.59375, 140.8125, 18.53125], ang: [8.970046, -177.23602, 0.0]
[496] pos: [1008.59375, 140.8125, 18.53125], ang: [8.970046, -177.23602, 0.0]
[497] pos: [1008.59375, 140.8125, 18.53125], ang: [8.970046, -177.23602, 0.0]
[498] pos: [1008.59375, 140.8125, 18.53125], ang: [8.970046, -177.23602, 0.0]
[499] pos: [1008.59375, 140.8125, 18.53125], ang: [8.970046, -177.23602, 0.0]
[500] pos: [1008.59375, 140.8125, 18.53125], ang: [8.970046, -177.23602, 0.0]
[501] pos: [1008.59375, 140.8125, 18.53125], ang: [8.970046, -177.23602, 0.0]
[502] pos: [1008.59375, 140.8125, 18.53125], ang: [8.970046, -177.23602, 0.0]
[503] pos: [1008.59375, 140.8125, 18.53125], ang: [8.970046, -177.23602, 0.0]
[504] pos: [1008.59375, 140.8125, 18.53125], ang: [8.970046, -177.23602, 0.0]
[505] pos: [1008.59375, 140.8125, 18.53125], ang: [8.970046, -177.23602, 0.0]
[506] pos: [1008.59375, 140.8125, 18.53125], ang: [8.970046, -177.23602, 0.0]
[507] pos: [1008.59375, 140.8125, 18.53125], ang: [8.970046, -177.23602, 0.0]
[508] pos: [1008.59375, 140.8125, 18.53125], ang: [8.970046, -177.23602, 0.0]
[509] pos: [1008.59375, 140.8125, 18.53125], ang: [8.970046, -177.23602, 0.0]
[510] pos: [1008.59375, 140.8125, 18.53125], ang: [8.970046, -177.23602, 0.0]
[511] pos: [1008.59375, 140.8125, 18.53125], ang: [8.970046, -177.23602, 0.0]
[512] pos: [1008.59375, 140.8125, 18.53125], ang: [8.970046, -177.23602, 0.0]
[513] pos: [1008.59375, 140.8125, 18.53125], ang: [8.970046, -177.23602, 0.0]
[514] pos: [1008.59375, 140.8125, 18.53125], ang: [8.970046, -177.23602, 0.0]
[515] pos: [1008.59375, 140.8125, 18.53125], ang: [8.970046, -177.23602, 0.0]
[516] pos: [1008.59375, 140.8125, 18.53125], ang: [8.970046, -177.23602, 0.0]
[517] pos: [1008.59375, 140.8125, 18.53125], ang: [8.970046, -177.23602, 0.0]
[518] pos: [1008.59375, 140.8125, 18.53125], ang: [8.970046, -177.23602, 0.0]
[519] pos: [1008.59375, 140.8125, 18.53125], ang: [8.970046, -177.23602, 0.0]
[520] pos: [1008.59375, 140.8125, 18.53125], ang: [8.970046, -177.23602, 0.0]
[521] pos: [1008.59375, 140.8125, 18.53125], ang: [8.970046, -177.23602, 0.0]
[522] pos: [1008.59375, 140.8125, 18.53125], ang: [8.970046, -177.23602, 0.0]
[523] pos: [1008.59375, 140.8125, 18.53125], ang: [8.970046, -177.23602, 0.0]
[524] pos: [1008.59375, 140.8125, 18.53125], ang: [8.970046, -177.23602, 0.0]
[525] pos: [1008.59375, 140.8125, 18.53125], ang: [8.970046, -177.23602, 0.0]
[526] pos: [1008.59375, 140.8125, 18.53125], ang: [8.970046, -177.23602, 0.0]
[527] pos: [1008.59375, 140.8125, 18.53125], ang: [8.970046, -177.23602, 0.0]
[528] pos: [1008.59375, 140.8125, 18.53125], ang: [8.970046, -177.23602, 0.0]
[529] pos: [1008.59375, 140.8125, 18.53125], ang: [8.970046, -177.23602, 0.0]
[530] pos: [1008.59375, 140.8125, 18.53125], ang: [8.970046, -177.23602, 0.0]
[531] pos: [1008.59375, 140.8125, 18.53125], ang: [8.970046, -177.23602, 0.0]
[532] pos: [1008.59375, 140.8125, 18.53125], ang: [8.970046, -177.23602, 0.0]
[533] pos: [1008.59375, 140.8125, 18.53125], ang: [8.970046, -177.23602, 0.0]
[534] pos: [1008.59375, 140.8125, 18.53125], ang: [8.970046, -177.23602, 0.0]
[535] pos: [1008.59375, 140.8125, 18.53125], ang: [8.970046, -177.23602, 0.0]
[536] pos: [1008.59375, 140.8125, 18.53125], ang: [8.970046, -177.23602, 0.0]
[537] pos: [1008.59375, 140.8125, 18.53125], ang: [8.970046, -177.23602, 0.0]
[538] pos: [1008.59375, 140.8125, 18.53125], ang: [8.970046, -177.23602, 0.0]
[539] pos: [1008.59375, 140.8125, 18.53125], ang: [8.970046, -177.23602, 0.0]
[540] pos: [1008.59375, 140.8125, 18.53125], ang: [8.970046, -177.23602, 0.0]
[541] pos: [1008.59375, 140.8125, 18.53125], ang: [8.970046, -177.23602, 0.0]
[542] pos: [1008.59375, 140.8125, 18.53125], ang: [8.970046, -177.23602, 0.0]
[543] pos: [1008.59375, 140.8125, 18.53125], ang: [8.970046, -177.23602, 0.0]
[544] pos: [1008.59375, 140.8125, 18.53125], ang: [8.970046, -177.23602, 0.0]
[545] pos: [1008.59375, 140.8125, 18.53125], ang: [8.970046, -177.23602, 0.0]
[546] pos: [1008.59375, 140.8125, 18.53125], ang: [8.970046, -177.23602, 0.0]
[547] pos: [1008.59375, 140.8125, 18.53125], ang: [8.970046, -177.23602, 0.0]
[548] pos: [1008.59375, 140.8125, 18.53125], ang: [8.970046, -177.23602, 0.0]
[549] pos: [1008.59375, 140.8125, 18.53125], ang: [8.970046, -177.23602, 0.0]
[550] pos: [1008.59375, 140.8125, 18.53125], ang: [8.970046, -177.23602, 0.0]
[551] pos: [1008.59375, 140.8125, 18.53125], ang: [8.970046, -177.23602, 0.0]
[552] pos: [1008.59375, 140.8125, 18.53125], ang: [8.970046, -177.23602, 0.0]
[553] pos: [1008.59375, 140.8125, 18.53125], ang: [8.970046, -177.23602, 0.0]
[554] pos: [1008.59375, 140.8125, 18.53125], ang: [8.970046, -177.23602, 0.0]
[555] pos: [1008.59375, 140.8125, 18.53125], ang: [8.970046, -177.23602, 0.0]
[556] pos: [1008.59375, 140.8125, 18.53125], ang: [8.970046, -177.23602, 0.0]
[557] pos: [1008.59375, 140.8125, 18.53125], ang: [8.970046, -177.23602, 0.0]
[558] pos: [1008.59375, 140.8125, 18.53125], ang: [8.970046, -177.23602, 0.0]
[559] pos: [1008.59375, 140.8125, 18.53125], ang: [8.970046, -177.23602, 0.0]
[560] pos: [1008.59375, 140.8125, 18.53125], ang: [8.970046, -177.23602, 0.0]
[561] pos: [1008.59375, 140.8125, 18.53125], ang: [8.970046, -177.23602, 0.0]
[562] pos: [1008.59375, 140.8125, 18.53125], ang: [8.970046, -177.23602, 0.0]
[563] pos: [1008.59375, 140.8125, 18.53125], ang: [8.970046, -177.23602, 0.0]
[564] pos: [1008.59375, 140.8125, 18.53125], ang: [8.970046, -177.23602, 0.0]
[565] pos: [1008.59375, 140.8125, 18.53125], ang: [8.970046, -177.23602, 0.0]
[566] pos: [1008.59375, 140.8125, 18.53125], ang: [8.970046, -177.23602, 0.0]
[567] pos: [1008.59375, 140.8125, 18.53125], ang: [8.970046, -177.23602, 0.0]
[568] pos: [1008.59375, 140.8125, 18.53125], ang: [8.970046, -177.23602, 0.0]
[569] pos: [1008.59375, 140.8125, 18.53125], ang: [8.970046, -177.23602, 0.0]
[570] pos: [1008.59375, 140.8125, 18.53125], ang: [8.970046, -177.23602, 0.0]
[571] pos: [1008.59375, 140.8125, 18.53125], ang: [8.970046, -177.23602, 0.0]
[572] pos: [1008.59375, 140.8125, 18.53125], ang: [8.970046, -177.23602, 0.0]
[573] pos: [1008.59375, 140.8125, 19.53125], ang: [8.970046, -177.23602, 0.0]
[574] pos: [1008.59375, 140.8125, 20.5], ang: [8.970046, -177.23602, 0.0]
[575] pos: [1008.59375, 140.8125, 21.46875], ang: [8.970046, -177.23602, 0.0]
[576] pos: [1008.59375, 140.8125, 22.4375], ang: [8.970046, -177.23602, 0.0]
[577] pos: [1008.59375, 140.8125, 23.40625], ang: [8.970046, -177.23602, 0.0]
[578] pos: [1008.59375, 140.8125, 24.40625], ang: [8.970046, -177.23602, 0.0]
[579] pos: [1008.59375, 140.8125, 25.375], ang: [8.970046, -177.23602, 0.0]
[580] pos: [1008.59375, 140.8125, 26.34375], ang: [8.970046, -177.23602, 0.0]
[581] pos: [1008.59375, 140.8125, 27.3125], ang: [8.970046, -177.23602, 0.0]
[582] pos: [1008.59375, 140.8125, 28.28125], ang: [8.970046, -177.23602, 0.0]
[583] pos: [1008.59375, 140.8125, 29.28125], ang: [8.970046, -177.23602, 0.0]
[584] pos: [1008.59375, 140.8125, 30.25], ang: [8.970046, -177.23602, 0.0]
[585] pos: [1008.59375, 140.8125, 31.21875], ang: [8.970046, -177.23602, 0.0]
[586] pos: [1008.59375, 140.8125, 32.1875], ang: [8.970046, -177.23602, 0.0]
[587] pos: [1008.59375, 140.8125, 33.15625], ang: [8.970046, -177.23602, 0.0]
[588] pos: [1008.59375, 140.8125, 34.15625], ang: [8.970046, -177.23602, 0.0]
[589] pos: [1008.59375, 140.8125, 35.125], ang: [8.970046, -177.23602, 0.0]
[590] pos: [1008.59375, 140.8125, 36.09375], ang: [8.970046, -177.23602, 0.0]
[591] pos: [1008.59375, 140.8125, 37.0625], ang: [8.970046, -177.23602, 0.0]
[592] pos: [1008.59375, 140.8125, 38.03125], ang: [8.970046, -177.23602, 0.0]
[593] pos: [1008.59375, 140.8125, 39.03125], ang: [8.970046, -177.23602, 0.0]
[594] pos: [1008.59375, 140.8125, 40.0], ang: [8.970046, -177.23602, 0.0]
[595] pos: [1008.59375, 140.8125, 40.96875], ang: [8.970046, -177.23602, 0.0]
[596] pos: [1008.59375, 140.8125, 41.9375], ang: [8.970046, -177.23602, 0.0]
[597] pos: [1008.59375, 140.8125, 42.90625], ang: [8.970046, -177.23602, 0.0]
[598] pos: [1008.59375, 140.8125, 43.90625], ang: [8.970046, -177.23602, 0.0]
[599] pos: [1008.59375, 140.8125, 44.875], ang: [8.970046, -177.23602, 0.0]
[600] pos: [1008.59375, 140.8125, 45.84375], ang: [8.970046, -177.23602, 0.0]
[601] pos: [1008.59375, 140.8125, 46.8125], ang: [8.970046, -177.23602, 0.0]
[602] pos: [1008.59375, 140.8125, 47.78125], ang: [8.970046, -177.23602, 0.0]
[603] pos: [1008.59375, 140.8125, 48.78125], ang: [8.970046, -177.23602, 0.0]
[604] pos: [1008.59375, 140.8125, 49.75], ang: [8.970046, -177.23602, 0.0]
[605] pos: [1008.59375, 140.8125, 50.71875], ang: [8.970046, -177.23602, 0.0]
[606] pos: [1008.59375, 140.8125, 51.6875], ang: [8.970046, -177.23602, 0.0]
[607] pos: [1008.59375, 140.8125, 52.65625], ang: [8.970046, -177.23602, 0.0]
[608] pos: [1008.59375, 140.8125, 53.65625], ang: [8.970046, -177.23602, 0.0]
[609] pos: [1008.59375, 140.8125, 54.625], ang: [8.970046, -177.23602, 0.0]
[610] pos: [1008.59375, 140.8125, 55.59375], ang: [8.970046, -177.23602, 0.0]
[611] pos: [1008.59375, 140.8125, 56.5625], ang: [8.970046, -177.23602, 0.0]
[612] pos: [1008.59375, 140.8125, 57.53125], ang: [8.970046, -177.23602, 0.0]
[613] pos: [1008.59375, 140.8125, 58.53125], ang: [8.970046, -177.23602, 0.0]
[614] pos: [1008.59375, 140.8125, 59.5], ang: [8.970046, -177.23602, 0.0]
[615] pos: [1008.59375, 140.8125, 60.46875], ang: [8.970046, -177.23602, 0.0]
[616] pos: [1008.59375, 140.8125, 61.4375], ang: [8.970046, -177.23602, 0.0]
[617] pos: [1008.59375, 140.8125, 62.40625], ang: [8.970046, -177.23602, 0.0]
[618] pos: [1008.59375, 140.8125, 63.40625], ang: [8.970046, -177.23602, 0.0]
[619] pos: [1008.59375, 140.8125, 64.375], ang: [8.970046, -177.23602, 0.0]
[620] pos: [1008.59375, 140.8125, 65.34375], ang: [8.970046, -177.23602, 0.0]
[621] pos: [1008.59375, 140.8125, 66.3125], ang: [8.970046, -177.23602, 0.0]
[622] pos: [1008.59375, 140.8125, 67.28125], ang: [8.970046, -177.23602, 0.0]
[623] pos: [1008.59375, 140.8125, 68.28125], ang: [8.970046, -177.23602, 0.0]
[624] pos: [1008.59375, 140.8125, 69.25], ang: [8.970046, -177.23602, 0.0]
[625] pos: [1008.59375, 140.8125, 70.21875], ang: [8.970046, -177.23602, 0.0]
[626] pos: [1008.59375, 140.8125, 71.1875], ang: [8.970046, -177.23602, 0.0]
[627] pos: [1008.59375, 140.8125, 72.15625], ang: [8.970046, -177.23602, 0.0]
[628] pos: [1008.59375, 140.8125, 73.15625], ang: [8.970046, -177.23602, 0.0]
[629] pos: [1008.59375, 140.8125, 74.125], ang: [8.970046, -177.23602, 0.0]
[630] pos: [1008.59375, 140.8125, 75.09375], ang: [8.970046, -177.23602, 0.0]
[631] pos: [1008.59375, 140.8125, 76.0625], ang: [8.970046, -177.23602, 0.0]
[632] pos: [1008.59375, 140.8125, 77.03125], ang: [8.970046, -177.23602, 0.0]
[633] pos: [1008.59375, 140.8125, 78.03125], ang: [8.970046, -177.23602, 0.0]
[634] pos: [1008.59375, 140.8125, 79.0], ang: [8.970046, -177.23602, 0.0]
[635] pos: [1008.59375, 140.8125, 79.96875], ang: [8.970046, -177.23602, 0.0]
[636] pos: [1008.59375, 140.8125, 80.9375], ang: [8.970046, -177.23602, 0.0]
[637] pos: [1008.59375, 140.8125, 81.90625], ang: [8.970046, -177.23602, 0.0]
[638] pos: [1008.59375, 140.8125, 82.90625], ang: [8.970046, -177.23602, 0.0]
[639] pos: [1008.59375, 140.8125, 83.875], ang: [8.970046, -177.23602, 0.0]
[640] pos: [1008.59375, 140.8125, 84.84375], ang: [8.970046, -177.23602, 0.0]
[641] pos: [1008.59375, 140.8125, 85.8125], ang: [8.970046, -177.23602, 0.0]
[642] pos: [1008.59375, 140.8125, 86.78125], ang: [8.970046, -177.23602, 0.0]
[643] pos: [1008.59375, 140.8125, 87.78125], ang: [8.970046, -177.23602, 0.0]
[644] pos: [1008.59375, 140.8125, 88.75], ang: [8.970046, -177.23602, 0.0]
[645] pos: [1008.59375, 140.8125, 89.71875], ang: [8.970046, -177.23602, 0.0]
[646] pos: [1008.59375, 140.8125, 90.6875], ang: [8.970046, -177.23602, 0.0]
[647] pos: [1008.59375, 140.8125, 91.65625], ang: [8.970046, -177.23602, 0.0]
[648] pos: [1008.59375, 140.8125, 92.65625], ang: [8.970046, -177.23602, 0.0]
[649] pos: [1008.59375, 140.8125, 93.625], ang: [8.970046, -177.23602, 0.0]
[650] pos: [1008.59375, 140.8125, 94.59375], ang: [8.970046, -177.23602, 0.0]
[651] pos: [1008.59375, 140.8125, 95.5625], ang: [8.970046, -177.23602, 0.0]
[652] pos: [1008.59375, 140.8125, 96.53125], ang: [8.970046, -177.23602, 0.0]
[653] pos: [1008.59375, 140.8125, 97.53125], ang: [8.970046, -177.23602, 0.0]
[654] pos: [1008.59375, 140.8125, 98.5], ang: [8.970046, -177.23602, 0.0]
[655] pos: [1008.59375, 140.8125, 99.46875], ang: [8.970046, -177.23602, 0.0]
[656] pos: [1008.59375, 140.8125, 100.4375], ang: [8.970046, -177.23602, 0.0]
[657] pos: [1008.59375, 140.8125, 101.40625], ang: [8.970046, -177.23602, 0.0]
[658] pos: [1008.59375, 140.8125, 102.40625], ang: [8.970046, -177.23602, 0.0]
[659] pos: [1008.59375, 140.8125, 103.375], ang: [8.970046, -177.23602, 0.0]
[660] pos: [1008.59375, 140.8125, 104.34375], ang: [8.970046, -177.23602, 0.0]
[661] pos: [1008.59375, 140.8125, 105.3125], ang: [8.970046, -177.23602, 0.0]
[662] pos: [1008.59375, 140.8125, 106.28125], ang: [8.970046, -177.23602, 0.0]
[663] pos: [1008.59375, 140.8125, 107.28125], ang: [8.970046, -177.23602, 0.0]
[664] pos: [1008.59375, 140.8125, 108.25], ang: [8.970046, -177.23602, 0.0]
[665] pos: [1008.59375, 140.8125, 109.21875], ang: [8.970046, -177.23602, 0.0]
[666] pos: [1008.59375, 140.8125, 110.1875], ang: [8.970046, -177.23602, 0.0]
[667] pos: [1008.59375, 140.8125, 111.15625], ang: [8.970046, -177.23602, 0.0]
[668] pos: [1008.59375, 140.8125, 112.15625], ang: [8.970046, -177.23602, 0.0]
[669] pos: [1008.59375, 140.8125, 113.125], ang: [8.970046, -177.23602, 0.0]
[670] pos: [1008.59375, 140.8125, 114.09375], ang: [8.970046, -177.23602, 0.0]
[671] pos: [1008.59375, 140.8125, 115.0625], ang: [8.970046, -177.23602, 0.0]
[672] pos: [1008.59375, 140.8125, 116.03125], ang: [8.970046, -177.23602, 0.0]
[673] pos: [1008.59375, 140.8125, 117.03125], ang: [8.970046, -177.23602, 0.0]
[674] pos: [1008.59375, 140.8125, 118.0], ang: [8.970046, -177.23602, 0.0]
[675] pos: [1008.59375, 140.8125, 118.96875], ang: [8.970046, -177.23602, 0.0]
[676] pos: [1008.59375, 140.8125, 119.9375], ang: [8.970046, -177.23602, 0.0]
[677] pos: [1008.59375, 140.8125, 120.90625], ang: [8.970046, -177.23602, 0.0]
[678] pos: [1008.59375, 140.8125, 121.90625], ang: [8.970046, -177.23602, 0.0]
[679] pos: [1008.59375, 140.8125, 122.875], ang: [8.970046, -177.23602, 0.0]
[680] pos: [1008.59375, 140.8125, 123.84375], ang: [8.970046, -177.23602, 0.0]
[681] pos: [1008.59375, 140.8125, 124.8125], ang: [8.970046, -177.23602, 0.0]
[682] pos: [1008.59375, 140.8125, 125.78125], ang: [8.970046, -177.23602, 0.0]
[683] pos: [1008.59375, 140.8125, 126.78125], ang: [8.970046, -177.23602, 0.0]
[684] pos: [1008.59375, 140.8125, 127.75], ang: [8.970046, -177.23602, 0.0]
[685] pos: [1008.59375, 140.8125, 128.71875], ang: [8.970046, -177.23602, 0.0]
[686] pos: [1008.59375, 140.8125, 129.6875], ang: [8.970046, -177.23602, 0.0]
[687] pos: [1008.59375, 140.8125, 130.65625], ang: [8.970046, -177.23602, 0.0]
[688] pos: [1008.59375, 140.8125, 131.65625], ang: [8.970046, -177.23602, 0.0]
[689] pos: [1008.59375, 140.8125, 132.625], ang: [8.970046, -177.23602, 0.0]
[690] pos: [1008.59375, 140.8125, 133.59375], ang: [8.970046, -177.23602, 0.0]
[691] pos: [1008.59375, 140.8125, 134.5625], ang: [8.970046, -177.23602, 0.0]
[692] pos: [1008.59375, 140.8125, 135.53125], ang: [8.970046, -177.23602, 0.0]
[693] pos: [1008.59375, 140.8125, 136.53125], ang: [8.970046, -177.23602, 0.0]
[694] pos: [1008.59375, 140.8125, 137.5], ang: [8.970046, -177.23602, 0.0]
[695] pos: [1008.59375, 140.8125, 138.46875], ang: [8.970046, -177.23602, 0.0]
[696] pos: [1008.59375, 140.8125, 139.4375], ang: [8.970046, -177.23602, 0.0]
[697] pos: [1008.59375, 140.8125, 140.40625], ang: [8.970046, -177.23602, 0.0]
[698] pos: [1008.59375, 140.8125, 141.40625], ang: [8.970046, -177.23602, 0.0]
[699] pos: [1008.59375, 140.8125, 142.375], ang: [8.970046, -177.23602, 0.0]
[700] pos: [1008.59375, 140.8125, 143.34375], ang: [8.970046, -177.23602, 0.0]
[701] pos: [1008.59375, 140.8125, 144.3125], ang: [8.970046, -177.23602, 0.0]
[702] pos: [1008.59375, 140.8125, 145.28125], ang: [8.970046, -177.23602, 0.0]
[703] pos: [1008.59375, 140.8125, 146.28125], ang: [8.970046, -177.23602, 0.0]
[704] pos: [1008.59375, 140.8125, 147.25], ang: [8.970046, -177.23602, 0.0]
[705] pos: [1008.59375, 140.8125, 148.21875], ang: [8.970046, -177.23602, 0.0]
[706] pos: [1008.59375, 140.8125, 149.1875], ang: [8.970046, -177.23602, 0.0]
[707] pos: [1008.59375, 140.8125, 150.15625], ang: [8.970046, -177.23602, 0.0]
[708] pos: [1008.59375, 140.8125, 151.15625], ang: [8.970046, -177.23602, 0.0]
[709] pos: [1008.59375, 140.8125, 152.125], ang: [8.970046, -177.23602, 0.0]
[710] pos: [1008.59375, 140.8125, 153.09375], ang: [8.970046, -177.23602, 0.0]
[711] pos: [1008.59375, 140.8125, 154.0625], ang: [8.970046, -177.23602, 0.0]
[712] pos: [1008.59375, 140.8125, 155.03125], ang: [8.970046, -177.23602, 0.0]
[713] pos: [1008.59375, 140.8125, 156.03125], ang: [8.970046, -177.23602, 0.0]
[714] pos: [1008.59375, 140.8125, 157.0], ang: [8.970046, -177.23602, 0.0]
[715] pos: [1008.59375, 140.8125, 157.96875], ang: [8.970046, -177.23602, 0.0]
[716] pos: [1008.59375, 140.8125, 158.9375], ang: [8.970046, -177.23602, 0.0]
[717] pos: [1008.59375, 140.8125, 159.90625], ang: [8.970046, -177.23602, 0.0]
[718] pos: [1008.59375, 140.8125, 160.90625], ang: [8.970046, -177.23602, 0.0]
[719] pos: [1008.59375, 140.8125, 161.875], ang: [8.970046, -177.23602, 0.0]
[720] pos: [1008.59375, 140.8125, 162.84375], ang: [8.970046, -177.23602, 0.0]
[721] pos: [1008.59375, 140.8125, 163.8125], ang: [8.970046, -177.23602, 0.0]
[722] pos: [1008.59375, 140.8125, 164.78125], ang: [8.970046, -177.23602, 0.0]
[723] pos: [1008.59375, 140.8125, 165.78125], ang: [8.970046, -177.23602, 0.0]
[724] pos: [1008.59375, 140.8125, 166.75], ang: [8.970046, -177.23602, 0.0]
[725] pos: [1008.59375, 140.8125, 167.71875], ang: [8.970046, -177.23602, 0.0]
[726] pos: [1008.59375, 140.8125, 168.6875], ang: [8.970046, -177.23602, 0.0]
[727] pos: [1008.59375, 140.8125, 169.65625], ang: [8.970046, -177.23602, 0.0]
[728] pos: [1008.59375, 140.8125, 170.65625], ang: [8.970046, -177.23602, 0.0]
[729] pos: [1008.59375, 140.8125, 171.625], ang: [8.970046, -177.23602, 0.0]
[730] pos: [1008.59375, 140.8125, 172.59375], ang: [8.970046, -177.23602, 0.0]
[731] pos: [1008.59375, 140.8125, 173.5625], ang: [8.970046, -177.23602, 0.0]
[732] pos: [1008.59375, 140.8125, 174.53125], ang: [8.970046, -177.23602, 0.0]
[733] pos: [1008.59375, 140.8125, 175.53125], ang: [8.970046, -177.23602, 0.0]
[734] pos: [1008.59375, 140.8125, 176.5], ang: [8.970046, -177.23602, 0.0]
[735] pos: [1008.59375, 140.8125, 177.46875], ang: [8.970046, -177.23602, 0.0]
[736] pos: [1008.59375, 140.8125, 178.4375], ang: [8.970046, -177.23602, 0.0]
[737] pos: [1008.59375, 140.8125, 179.40625], ang: [8.970046, -177.23602, 0.0]
[738] pos: [1008.59375, 140.8125, 180.40625], ang: [8.970046, -177.23602, 0.0]
[739] pos: [1008.59375, 140.8125, 181.375], ang: [8.970046, -177.23602, 0.0]
[740] pos: [1008.59375, 140.8125, 182.34375], ang: [8.970046, -177.23602, 0.0]
[741] pos: [1008.59375, 140.8125, 183.3125], ang: [8.970046, -177.23602, 0.0]
[742] pos: [1008.59375, 140.8125, 184.28125], ang: [8.970046, -177.23602, 0.0]
[743] pos: [1008.59375, 140.8125, 185.28125], ang: [8.970046, -177.23602, 0.0]
[744] pos: [1008.59375, 140.8125, 186.25], ang: [8.970046, -177.23602, 0.0]
[745] pos: [1008.59375, 140.8125, 187.21875], ang: [8.970046, -177.23602, 0.0]
[746] pos: [1008.59375, 140.8125, 188.1875], ang: [8.970046, -177.23602, 0.0]
[747] pos: [1008.59375, 140.8125, 189.15625], ang: [8.970046, -177.23602, 0.0]
[748] pos: [1008.59375, 140.8125, 190.15625], ang: [8.970046, -177.23602, 0.0]
[749] pos: [1008.59375, 140.8125, 191.125], ang: [8.970046, -177.23602, 0.0]
[750] pos: [1008.59375, 140.8125, 192.09375], ang: [8.970046, -177.23602, 0.0]
[751] pos: [1008.59375, 140.8125, 193.0625], ang: [8.970046, -177.23602, 0.0]
[752] pos: [1008.59375, 140.8125, 194.03125], ang: [8.970046, -177.23602, 0.0]
[753] pos: [1008.59375, 140.8125, 195.03125], ang: [8.970046, -177.23602, 0.0]
[754] pos: [1008.59375, 140.8125, 196.0], ang: [8.970046, -177.23602, 0.0]
[755] pos: [1008.59375, 140.8125, 196.96875], ang: [8.970046, -177.23602, 0.0]
[756] pos: [1008.59375, 140.8125, 197.9375], ang: [8.970046, -177.23602, 0.0]
[757] pos: [1008.59375, 140.8125, 198.90625], ang: [8.970046, -177.23602, 0.0]
[758] pos: [1008.59375, 140.8125, 199.90625], ang: [8.970046, -177.23602, 0.0]
[759] pos: [1008.59375, 140.8125, 200.875], ang: [8.970046, -177.23602, 0.0]
[760] pos: [1008.59375, 140.8125, 201.84375], ang: [8.970046, -177.23602, 0.0]
[761] pos: [1008.59375, 140.8125, 202.8125], ang: [8.970046, -177.23602, 0.0]
[762] pos: [1008.59375, 140.8125, 203.78125], ang: [8.970046, -177.23602, 0.0]
[763] pos: [1008.59375, 140.8125, 204.78125], ang: [8.970046, -177.23602, 0.0]
[764] pos: [1008.59375, 140.8125, 205.75], ang: [8.970046, -177.23602, 0.0]
[765] pos: [1008.59375, 140.8125, 206.71875], ang: [8.970046, -177.23602, 0.0]
[766] pos: [1008.59375, 140.8125, 207.6875], ang: [8.970046, -177.23602, 0.0]
[767] pos: [1008.59375, 140.8125, 208.65625], ang: [8.970046, -177.23602, 0.0]
[768] pos: [1008.59375, 140.8125, 209.65625], ang: [8.970046, -177.23602, 0.0]
[769] pos: [1008.59375, 140.8125, 210.625], ang: [8.970046, -177.23602, 0.0]
[770] pos: [1008.59375, 140.8125, 211.59375], ang: [8.970046, -177.23602, 0.0]
[771] pos: [1008.59375, 140.8125, 212.5625], ang: [8.970046, -177.23602, 0.0]
[772] pos: [1008.59375, 140.8125, 213.53125], ang: [8.970046, -177.23602, 0.0]
[773] pos: [1008.59375, 140.8125, 214.53125], ang: [8.970046, -177.23602, 0.0]
[774] pos: [1008.59375, 140.8125, 215.5], ang: [8.970046, -177.23602, 0.0]
[775] pos: [1008.59375, 140.8125, 216.46875], ang: [8.970046, -177.23602, 0.0]
[776] pos: [1008.59375, 140.8125, 217.4375], ang: [8.970046, -177.23602, 0.0]
[777] pos: [1008.59375, 140.8125, 218.40625], ang: [8.970046, -177.23602, 0.0]
[778] pos: [1008.59375, 140.8125, 219.40625], ang: [8.970046, -177.23602, 0.0]
[779] pos: [1008.59375, 140.8125, 220.375], ang: [8.970046, -177.23602, 0.0]
[780] pos: [1008.59375, 140.8125, 221.34375], ang: [8.970046, -177.23602, 0.0]
[781] pos: [1008.59375, 140.8125, 222.3125], ang: [8.970046, -177.23602, 0.0]
[782] pos: [1008.59375, 140.8125, 223.28125], ang: [8.970046, -177.23602, 0.0]
[783] pos: [1008.59375, 140.8125, 224.28125], ang: [8.970046, -177.23602, 0.0]
[784] pos: [1008.59375, 140.8125, 225.25], ang: [8.970046, -177.23602, 0.0]
[785] pos: [1008.59375, 140.8125, 226.21875], ang: [8.970046, -177.23602, 0.0]
[786] pos: [1008.59375, 140.8125, 227.1875], ang: [8.970046, -177.23602, 0.0]
[787] pos: [1008.59375, 140.8125, 228.15625], ang: [8.970046, -177.23602, 0.0]
[788] pos: [1008.59375, 140.8125, 229.15625], ang: [8.970046, -177.23602, 0.0]
[789] pos: [1008.59375, 140.8125, 230.125], ang: [8.970046, -177.23602, 0.0]
[790] pos: [1008.59375, 140.8125, 231.09375], ang: [8.970046, -177.23602, 0.0]
[791] pos: [1008.59375, 140.8125, 232.0625], ang: [8.970046, -177.23602, 0.0]
[792] pos: [1008.59375, 140.8125, 233.03125], ang: [8.970046, -177.23602, 0.0]
[793] pos: [1008.59375, 140.8125, 234.03125], ang: [8.970046, -177.23602, 0.0]
[794] pos: [1008.59375, 140.8125, 235.0], ang: [8.970046, -177.23602, 0.0]
[795] pos: [1008.59375, 140.8125, 235.96875], ang: [8.970046, -177.23602, 0.0]
[796] pos: [1008.59375, 140.8125, 236.9375], ang: [8.970046, -177.23602, 0.0]
[797] pos: [1008.59375, 140.8125, 237.90625], ang: [8.970046, -177.23602, 0.0]
[798] pos: [1008.59375, 140.8125, 238.90625], ang: [8.970046, -177.23602, 0.0]
[799] pos: [1008.59375, 140.8125, 239.875], ang: [8.970046, -177.23602, 0.0]
[800] pos: [1008.59375, 140.8125, 240.84375], ang: [8.970046, -177.23602, 0.0]
[801] pos: [1008.59375, 140.8125, 241.8125], ang: [8.970046, -177.23602, 0.0]
[802] pos: [1008.59375, 140.8125, 242.78125], ang: [8.970046, -177.23602, 0.0]
[803] pos: [1008.59375, 140.8125, 243.78125], ang: [8.970046, -177.23602, 0.0]
[804] pos: [1008.59375, 140.8125, 244.75], ang: [8.970046, -177.23602, 0.0]
[805] pos: [1008.59375, 140.8125, 245.71875], ang: [8.970046, -177.23602, 0.0]
[806] pos: [1008.59375, 140.8125, 246.6875], ang: [8.970046, -177.23602, 0.0]
[807] pos: [1008.59375, 140.8125, 247.65625], ang: [8.970046, -177.23602, 0.0]
[808] pos: [1008.59375, 140.8125, 248.65625], ang: [8.970046, -177.23602, 0.0]
[809] pos: [1008.59375, 140.8125, 249.625], ang: [8.970046, -177.23602, 0.0]
[810] pos: [1008.59375, 140.8125, 250.59375], ang: [8.970046, -177.23602, 0.0]
[811] pos: [1008.59375, 140.8125, 251.5625], ang: [8.970046, -177.23602, 0.0]
[812] pos: [1008.59375, 140.8125, 252.53125], ang: [8.970046, -177.23602, 0.0]
[813] pos: [1008.59375, 140.8125, 253.53125], ang: [8.970046, -177.23602, 0.0]
[814] pos: [1008.59375, 140.8125, 254.5], ang: [8.970046, -177.23602, 0.0]
[815] pos: [1008.59375, 140.8125, 255.46875], ang: [8.970046, -177.23602, 0.0]
[816] pos: [1008.59375, 140.8125, 256.4375], ang: [8.970046, -177.23602, 0.0]
[817] pos: [1008.59375, 140.8125, 257.40625], ang: [8.970046, -177.23602, 0.0]
[818] pos: [1008.59375, 140.8125, 258.40625], ang: [8.970046, -177.23602, 0.0]
[819] pos: [1008.59375, 140.8125, 259.375], ang: [8.970046, -177.23602, 0.0]
[820] pos: [1008.59375, 140.8125, 260.34375], ang: [8.970046, -177.23602, 0.0]
[821] pos: [1008.59375, 140.8125, 261.3125], ang: [8.970046, -177.23602, 0.0]
[822] pos: [1008.59375, 140.8125, 262.28125], ang: [8.970046, -177.23602, 0.0]
[823] pos: [1008.59375, 140.8125, 263.28125], ang: [8.970046, -177.23602, 0.0]
[824] pos: [1008.59375, 140.8125, 264.25], ang: [8.970046, -177.23602, 0.0]
[825] pos: [1008.59375, 140.8125, 265.21875], ang: [8.970046, -177.23602, 0.0]
[826] pos: [1008.59375, 140.8125, 266.1875], ang: [8.970046, -177.23602, 0.0]
[827] pos: [1008.59375, 140.8125, 267.15625], ang: [8.970046, -177.23602, 0.0]
[828] pos: [1008.59375, 140.8125, 268.15625], ang: [8.970046, -177.23602, 0.0]
[829] pos: [1008.59375, 140.8125, 269.125], ang: [8.970046, -177.23602, 0.0]
[830] pos: [1008.59375, 140.8125, 270.09375], ang: [8.970046, -177.23602, 0.0]
[831] pos: [1008.59375, 140.8125, 271.0625], ang: [8.970046, -177.23602, 0.0]
[832] pos: [1008.59375, 140.8125, 272.03125], ang: [8.970046, -177.23602, 0.0]
[833] pos: [1008.59375, 140.8125, 273.03125], ang: [8.970046, -177.23602, 0.0]
[834] pos: [1008.59375, 140.8125, 274.0], ang: [8.970046, -177.23602, 0.0]
[835] pos: [1008.59375, 140.8125, 274.96875], ang: [8.970046, -177.23602, 0.0]
[836] pos: [1008.59375, 140.8125, 275.9375], ang: [8.970046, -177.23602, 0.0]
[837] pos: [1008.59375, 140.8125, 276.90625], ang: [8.970046, -177.23602, 0.0]
[838] pos: [1008.59375, 140.8125, 277.90625], ang: [8.970046, -177.23602, 0.0]
[839] pos: [1008.59375, 140.8125, 278.875], ang: [8.970046, -177.23602, 0.0]
[840] pos: [1008.59375, 140.8125, 279.84375], ang: [8.970046, -177.23602, 0.0]
[841] pos: [1008.59375, 140.8125, 280.8125], ang: [8.970046, -177.23602, 0.0]
[842] pos: [1008.59375, 140.8125, 281.78125], ang: [8.970046, -177.23602, 0.0]
[843] pos: [1008.59375, 140.8125, 282.78125], ang: [8.970046, -177.23602, 0.0]
[844] pos: [1008.59375, 140.8125, 283.75], ang: [8.970046, -177.23602, 0.0]
[845] pos: [1008.59375, 140.8125, 284.71875], ang: [8.970046, -177.23602, 0.0]
[846] pos: [1008.59375, 140.8125, 285.6875], ang: [8.970046, -177.23602, 0.0]
[847] pos: [1008.59375, 140.8125, 286.65625], ang: [8.970046, -177.23602, 0.0]
[848] pos: [1008.59375, 140.8125, 287.65625], ang: [8.970046, -177.23602, 0.0]
[849] pos: [1008.59375, 140.8125, 288.625], ang: [8.970046, -177.23602, 0.0]
[850] pos: [1008.59375, 140.8125, 289.59375], ang: [8.970046, -177.23602, 0.0]
[851] pos: [1008.59375, 140.8125, 290.5625], ang: [8.970046, -177.23602, 0.0]
[852] pos: [1008.59375, 140.8125, 291.53125], ang: [8.970046, -177.23602, 0.0]
[853] pos: [1008.59375, 140.8125, 292.53125], ang: [8.970046, -177.23602, 0.0]
[854] pos: [1008.59375, 140.8125, 293.5], ang: [8.970046, -177.23602, 0.0]
[855] pos: [1008.59375, 140.8125, 294.46875], ang: [8.970046, -177.23602, 0.0]
[856] pos: [1008.59375, 140.8125, 295.4375], ang: [8.970046, -177.23602, 0.0]
[857] pos: [1008.59375, 140.8125, 296.40625], ang: [8.970046, -177.23602, 0.0]
[858] pos: [1008.59375, 140.8125, 297.40625], ang: [8.970046, -177.23602, 0.0]
[859] pos: [1008.59375, 140.8125, 298.375], ang: [8.970046, -177.23602, 0.0]
[860] pos: [1008.59375, 140.8125, 299.34375], ang: [8.970046, -177.23602, 0.0]
[861] pos: [1008.59375, 140.8125, 300.3125], ang: [8.970046, -177.23602, 0.0]
[862] pos: [1008.59375, 140.8125, 301.28125], ang: [8.970046, -177.23602, 0.0]
[863] pos: [1008.59375, 140.8125, 302.28125], ang: [8.970046, -177.23602, 0.0]
[864] pos: [1008.59375, 140.8125, 303.25], ang: [8.970046, -177.23602, 0.0]
[865] pos: [1008.59375, 140.8125, 304.21875], ang: [8.970046, -177.23602, 0.0]
[866] pos: [1008.59375, 140.8125, 305.1875], ang: [8.970046, -177.23602, 0.0]
[867] pos: [1008.59375, 140.8125, 306.15625], ang: [8.970046, -177.23602, 0.0]
[868] pos: [1008.59375, 140.8125, 307.15625], ang: [8.970046, -177.23602, 0.0]
[869] pos: [1008.59375, 140.8125, 308.125], ang: [8.970046, -177.23602, 0.0]
[870] pos: [1008.59375, 140.8125, 309.09375], ang: [8.970046, -177.23602, 0.0]
[871] pos: [1008.59375, 140.8125, 310.0625], ang: [8.970046, -177.23602, 0.0]
[872] pos: [1008.59375, 140.8125, 311.03125], ang: [8.970046, -177.23602, 0.0]
[873] pos: [1008.59375, 140.8125, 312.03125], ang: [8.970046, -177.23602, 0.0]
[874] pos: [1008.59375, 140.8125, 313.0], ang: [8.970046, -177.23602, 0.0]
[875] pos: [1008.59375, 140.8125, 313.96875], ang: [8.970046, -177.23602, 0.0]
[876] pos: [1008.59375, 140.8125, 314.9375], ang: [8.970046, -177.23602, 0.0]
[877] pos: [1008.59375, 140.8125, 315.90625], ang: [8.970046, -177.23602, 0.0]
[878] pos: [1008.59375, 140.8125, 316.90625], ang: [8.970046, -177.23602, 0.0]
[879] pos: [1008.59375, 140.8125, 317.875], ang: [8.970046, -177.23602, 0.0]
[880] pos: [1008.59375, 140.8125, 318.84375], ang: [8.970046, -177.23602, 0.0]
[881] pos: [1008.59375, 140.8125, 319.8125], ang: [8.970046, -177.23602, 0.0]
[882] pos: [1008.59375, 140.8125, 320.78125], ang: [8.970046, -177.23602, 0.0]
[883] pos: [1008.59375, 140.8125, 321.78125], ang: [8.970046, -177.23602, 0.0]
[884] pos: [1008.59375, 140.8125, 322.75], ang: [8.970046, -177.23602, 0.0]
[885] pos: [1008.59375, 140.8125, 323.71875], ang: [8.970046, -177.23602, 0.0]
[886] pos: [1008.59375, 140.8125, 324.6875], ang: [8.970046, -177.23602, 0.0]
[887] pos: [1008.59375, 140.8125, 325.65625], ang: [8.970046, -177.23602, 0.0]
[888] pos: [1008.59375, 140.8125, 326.65625], ang: [8.970046, -177.23602, 0.0]
[889] pos: [1008.59375, 140.8125, 327.625], ang: [8.970046, -177.23602, 0.0]
[890] pos: [1008.59375, 140.8125, 328.59375], ang: [8.970046, -177.23602, 0.0]
[891] pos: [1008.59375, 140.8125, 329.5625], ang: [8.970046, -177.23602, 0.0]
[892] pos: [1008.59375, 140.8125, 330.53125], ang: [8.970046, -177.23602, 0.0]
[893] pos: [1008.59375, 140.8125, 331.53125], ang: [8.970046, -177.23602, 0.0]
[894] pos: [1008.59375, 140.8125, 332.5], ang: [8.970046, -177.23602, 0.0]
[895] pos: [1008.59375, 140.8125, 333.46875], ang: [8.970046, -177.23602, 0.0]
[896] pos: [1008.59375, 140.8125, 334.4375], ang: [8.970046, -177.23602, 0.0]
[897] pos: [1008.59375, 140.8125, 335.40625], ang: [8.970046, -177.23602, 0.0]
[898] pos: [1008.59375, 140.8125, 336.40625], ang: [8.970046, -177.23602, 0.0]
[899] pos: [1008.59375, 140.8125, 337.375], ang: [8.970046, -177.23602, 0.0]
[900] pos: [1008.59375, 140.8125, 338.34375], ang: [8.970046, -177.23602, 0.0]
[901] pos: [1008.59375, 140.8125, 339.3125], ang: [8.970046, -177.23602, 0.0]
[902] pos: [1008.59375, 140.8125, 340.28125], ang: [8.970046, -177.23602, 0.0]
[903] pos: [1008.59375, 140.8125, 341.28125], ang: [8.970046, -177.23602, 0.0]
[904] pos: [1008.59375, 140.8125, 342.25], ang: [8.970046, -177.23602, 0.0]
[905] pos: [1008.59375, 140.8125, 343.21875], ang: [8.970046, -177.23602, 0.0]
[906] pos: [1008.59375, 140.8125, 344.1875], ang: [8.970046, -177.23602, 0.0]
[907] pos: [1008.59375, 140.8125, 345.15625], ang: [8.970046, -177.23602, 0.0]
[908] pos: [1008.59375, 140.8125, 346.15625], ang: [8.970046, -177.23602, 0.0]
[909] pos: [1008.59375, 140.8125, 347.125], ang: [8.970046, -177.23602, 0.0]
[910] pos: [1008.59375, 140.8125, 348.09375], ang: [8.970046, -177.23602, 0.0]
[911] pos: [1008.59375, 140.8125, 349.0625], ang: [8.970046, -177.23602, 0.0]
[912] pos: [1008.59375, 140.8125, 350.03125], ang: [8.970046, -177.23602, 0.0]
[913] pos: [1008.59375, 140.8125, 351.03125], ang: [8.970046, -177.23602, 0.0]
[914] pos: [1008.59375, 140.8125, 352.0], ang: [8.970046, -177.23602, 0.0]
[915] pos: [1008.59375, 140.8125, 352.96875], ang: [8.970046, -177.23602, 0.0]
[916] pos: [1008.59375, 140.8125, 353.9375], ang: [8.970046, -177.23602, 0.0]
[917] pos: [1008.59375, 140.8125, 354.90625], ang: [8.970046, -177.23602, 0.0]
[918] pos: [1008.59375, 140.8125, 355.90625], ang: [8.970046, -177.23602, 0.0]
[919] pos: [1008.59375, 140.8125, 356.875], ang: [8.970046, -177.23602, 0.0]
[920] pos: [1008.59375, 140.8125, 357.84375], ang: [8.970046, -177.23602, 0.0]
[921] pos: [1008.59375, 140.8125, 358.8125], ang: [8.970046, -177.23602, 0.0]
[922] pos: [1008.59375, 140.8125, 359.78125], ang: [8.970046, -177.23602, 0.0]
[923] pos: [1008.59375, 140.8125, 360.78125], ang: [8.970046, -177.23602, 0.0]
[924] pos: [1008.59375, 140.8125, 361.75], ang: [8.970046, -177.23602, 0.0]
[925] pos: [1008.59375, 140.8125, 362.71875], ang: [8.970046, -177.23602, 0.0]
[926] pos: [1008.59375, 140.8125, 363.6875], ang: [8.970046, -177.23602, 0.0]
[927] pos: [1008.59375, 140.8125, 364.65625], ang: [8.970046, -177.23602, 0.0]
[928] pos: [1008.59375, 140.8125, 365.65625], ang: [8.970046, -177.23602, 0.0]
[929] pos: [1008.59375, 140.8125, 366.625], ang: [8.970046, -177.23602, 0.0]
[930] pos: [1008.59375, 140.8125, 367.59375], ang: [8.970046, -177.23602, 0.0]
[931] pos: [1008.59375, 140.8125, 368.5625], ang: [8.970046, -177.23602, 0.0]
[932] pos: [1008.59375, 140.8125, 369.53125], ang: [8.970046, -177.23602, 0.0]
[933] pos: [1008.59375, 140.8125, 370.53125], ang: [8.970046, -177.23602, 0.0]
[934] pos: [1008.59375, 140.8125, 371.5], ang: [8.970046, -177.23602, 0.0]
[935] pos: [1008.59375, 140.8125, 372.46875], ang: [8.970046, -177.23602, 0.0]
[936] pos: [1008.59375, 140.8125, 373.4375], ang: [8.970046, -177.23602, 0.0]
[937] pos: [1008.59375, 140.8125, 374.40625], ang: [8.970046, -177.23602, 0.0]
[938] pos: [1008.59375, 140.8125, 375.40625], ang: [8.970046, -177.23602, 0.0]
[939] pos: [1008.59375, 140.8125, 376.375], ang: [8.970046, -177.23602, 0.0]
[940] pos: [1008.59375, 140.8125, 377.34375], ang: [8.970046, -177.23602, 0.0]
[941] pos: [1008.59375, 140.8125, 378.3125], ang: [8.970046, -177.23602, 0.0]
[942] pos: [1008.59375, 140.8125, 379.28125], ang: [8.970046, -177.23602, 0.0]
[943] pos: [1008.59375, 140.8125, 380.28125], ang: [8.970046, -177.23602, 0.0]
[944] pos: [1008.59375, 140.8125, 381.25], ang: [8.970046, -177.23602, 0.0]
[945] pos: [1008.59375, 140.8125, 382.21875], ang: [8.970046, -177.23602, 0.0]
[946] pos: [1008.59375, 140.8125, 383.1875], ang: [8.970046, -177.23602, 0.0]
[947] pos: [1008.59375, 140.8125, 384.15625], ang: [8.970046, -177.23602, 0.0]
[948] pos: [1008.59375, 140.8125, 385.15625], ang: [8.970046, -177.23602, 0.0]
[949] pos: [1008.59375, 140.8125, 386.125], ang: [8.970046, -177.23602, 0.0]
[950] pos: [1008.59375, 140.8125, 387.09375], ang: [8.970046, -177.23602, 0.0]
[951] pos: [1008.59375, 140.8125, 388.0625], ang: [8.970046, -177.23602, 0.0]
[952] pos: [1008.59375, 140.8125, 389.03125], ang: [8.970046, -177.23602, 0.0]
[953] pos: [1008.59375, 140.8125, 390.03125], ang: [8.970046, -177.23602, 0.0]
[954] pos: [1008.59375, 140.8125, 391.0], ang: [8.970046, -177.23602, 0.0]
[955] pos: [1008.59375, 140.8125, 391.96875], ang: [8.970046, -177.23602, 0.0]
[956] pos: [1008.59375, 140.8125, 392.9375], ang: [8.970046, -177.23602, 0.0]
[957] pos: [1008.59375, 140.8125, 393.90625], ang: [8.970046, -177.23602, 0.0]
[958] pos: [1008.59375, 140.8125, 394.90625], ang: [8.970046, -177.23602, 0.0]
[959] pos: [1008.59375, 140.8125, 395.875], ang: [8.970046, -177.23602, 0.0]
[960] pos: [1008.59375, 140.8125, 396.84375], ang: [8.970046, -177.23602, 0.0]
[961] pos: [1008.59375, 140.8125, 397.8125], ang: [8.970046, -177.23602, 0.0]
[962] pos: [1008.59375, 140.8125, 398.78125], ang: [8.970046, -177.23602, 0.0]
[963] pos: [1008.59375, 140.8125, 399.78125], ang: [8.970046, -177.23602, 0.0]
[964] pos: [1008.59375, 140.8125, 400.75], ang: [8.970046, -177.23602, 0.0]
[965] pos: [1008.59375, 140.8125, 401.71875], ang: [8.970046, -177.23602, 0.0]
[966] pos: [1008.59375, 140.8125, 402.6875], ang: [8.970046, -177.23602, 0.0]
[967] pos: [1008.59375, 140.8125, 403.65625], ang: [8.970046, -177.23602, 0.0]
[968] pos: [1008.59375, 140.8125, 404.65625], ang: [8.970046, -177.23602, 0.0]
[969] pos: [1008.59375, 140.8125, 405.625], ang: [8.970046, -177.23602, 0.0]
[970] pos: [1008.59375, 140.8125, 406.59375], ang: [8.970046, -177.23602, 0.0]
[971] pos: [1008.59375, 140.8125, 407.5625], ang: [8.970046, -177.23602, 0.0]
[972] pos: [1008.59375, 140.8125, 408.53125], ang: [8.970046, -177.23602, 0.0]
[973] pos: [1008.59375, 140.8125, 409.53125], ang: [8.970046, -177.23602, 0.0]
[974] pos: [1008.59375, 140.8125, 410.5], ang: [8.970046, -177.23602, 0.0]
[975] pos: [1008.59375, 140.8125, 411.46875], ang: [8.970046, -177.23602, 0.0]
[976] pos: [1008.59375, 140.8125, 412.4375], ang: [8.970046, -177.23602, 0.0]
[977] pos: [1008.59375, 140.8125, 413.40625], ang: [8.970046, -177.23602, 0.0]
[978] pos: [1008.59375, 140.8125, 414.40625], ang: [8.970046, -177.23602, 0.0]
[979] pos: [1008.59375, 140.8125, 415.375], ang: [8.970046, -177.23602, 0.0]
[980] pos: [1008.59375, 140.8125, 416.34375], ang: [8.970046, -177.23602, 0.0]
[981] pos: [1008.59375, 140.8125, 417.3125], ang: [8.970046, -177.23602, 0.0]
[982] pos: [1008.59375, 140.8125, 418.28125], ang: [8.970046, -177.23602, 0.0]
[983] pos: [1008.59375, 140.8125, 419.28125], ang: [8.970046, -177.23602, 0.0]
[984] pos: [1008.59375, 140.8125, 420.25], ang: [8.970046, -177.23602, 0.0]
[985] pos: [1008.59375, 140.8125, 421.21875], ang: [8.970046, -177.23602, 0.0]
[986] pos: [1008.59375, 140.8125, 422.1875], ang: [8.970046, -177.23602, 0.0]
[987] pos: [1008.59375, 140.8125, 423.15625], ang: [8.970046, -177.23602, 0.0]
[988] pos: [1008.59375, 140.8125, 424.15625], ang: [8.970046, -177.23602, 0.0]
[989] pos: [1008.59375, 140.8125, 425.125], ang: [8.970046, -177.23602, 0.0]
[990] pos: [1008.59375, 140.8125, 426.09375], ang: [8.970046, -177.23602, 0.0]
[991] pos: [1008.59375, 140.8125, 427.0625], ang: [8.970046, -177.23602, 0.0]
[992] pos: [1008.59375, 140.8125, 428.03125], ang: [8.970046, -177.23602, 0.0]
[993] pos: [1008.59375, 140.8125, 429.03125], ang: [8.970046, -177.23602, 0.0]
[994] pos: [1008.59375, 140.8125, 430.0], ang: [8.970046, -177.23602, 0.0]
[995] pos: [1008.59375, 140.8125, 430.96875], ang: [8.970046, -177.23602, 0.0]
[996] pos: [1008.59375, 140.8125, 431.9375], ang: [8.970046, -177.23602, 0.0]
[997] pos: [1008.59375, 140.8125, 432.90625], ang: [8.970046, -177.23602, 0.0]
[998] pos: [1008.59375, 140.8125, 433.90625], ang: [8.970046, -177.23602, 0.0]
[999] pos: [1008.59375, 140.8125, 434.875], ang: [8.970046, -177.23602, 0.0]
[1000] pos: [1008.59375, 140.8125, 435.84375], ang: [8.970046, -177.23602, 0.0]
[1001] pos: [1008.59375, 140.8125, 436.8125], ang: [8.970046, -177.23602, 0.0]
[1002] pos: [1008.59375, 140.8125, 437.78125], ang: [8.970046, -177.23602, 0.0]
[1003] pos: [1008.59375, 140.8125, 438.78125], ang: [8.970046, -177.23602, 0.0]
[1004] pos: [1008.59375, 140.8125, 439.75], ang: [8.970046, -177.23602, 0.0]
[1005] pos: [1008.59375, 140.8125, 440.71875], ang: [8.970046, -177.23602, 0.0]
[1006] pos: [1008.59375, 140.8125, 441.6875], ang: [8.970046, -177.23602, 0.0]
[1007] pos: [1008.59375, 140.8125, 442.6875], ang: [8.970046, -177.23602, 0.0]
[1008] pos: [1008.59375, 140.8125, 443.65625], ang: [8.970046, -177.23602, 0.0]
[1009] pos: [1008.59375, 140.8125, 444.625], ang: [8.970046, -177.23602, 0.0]
[1010] pos: [1008.59375, 140.8125, 445.59375], ang: [8.970046, -177.23602, 0.0]
[1011] pos: [1008.59375, 140.8125, 446.5625], ang: [8.970046, -177.23602, 0.0]
[1012] pos: [1008.59375, 140.8125, 447.5625], ang: [8.970046, -177.23602, 0.0]
[1013] pos: [1008.59375, 140.8125, 448.53125], ang: [8.970046, -177.23602, 0.0]
[1014] pos: [1008.59375, 140.8125, 449.5], ang: [8.970046, -177.23602, 0.0]
[1015] pos: [1008.59375, 140.8125, 450.46875], ang: [8.970046, -177.23602, 0.0]
[1016] pos: [1008.59375, 140.8125, 451.4375], ang: [8.970046, -177.23602, 0.0]
[1017] pos: [1008.59375, 140.8125, 452.4375], ang: [8.970046, -177.23602, 0.0]
[1018] pos: [1008.59375, 140.8125, 453.40625], ang: [8.970046, -177.23602, 0.0]
[1019] pos: [1008.59375, 140.8125, 454.375], ang: [8.970046, -177.23602, 0.0]
[1020] pos: [1008.59375, 140.8125, 455.34375], ang: [8.970046, -177.23602, 0.0]
[1021] pos: [1008.59375, 140.8125, 456.3125], ang: [8.970046, -177.23602, 0.0]
[1022] pos: [1008.59375, 140.8125, 457.3125], ang: [8.970046, -177.23602, 0.0]
[1023] pos: [1008.59375, 140.8125, 458.28125], ang: [8.970046, -177.23602, 0.0]
[1024] pos: [1008.59375, 140.8125, 459.25], ang: [8.970046, -177.23602, 0.0]
[1025] pos: [1008.59375, 140.8125, 460.21875], ang: [8.970046, -177.23602, 0.0]
[1026] pos: [1008.59375, 140.8125, 461.1875], ang: [8.970046, -177.23602, 0.0]
[1027] pos: [1008.59375, 140.8125, 462.1875], ang: [8.970046, -177.23602, 0.0]
[1028] pos: [1008.59375, 140.8125, 463.15625], ang: [8.970046, -177.23602, 0.0]
[1029] pos: [1008.59375, 140.8125, 464.125], ang: [8.970046, -177.23602, 0.0]
[1030] pos: [1008.59375, 140.8125, 465.09375], ang: [8.970046, -177.23602, 0.0]
[1031] pos: [1008.59375, 140.8125, 466.0625], ang: [8.970046, -177.23602, 0.0]
[1032] pos: [1008.59375, 140.8125, 467.03125], ang: [8.970046, -177.23602, 0.0]
[1033] pos: [1008.59375, 140.8125, 468.03125], ang: [8.970046, -177.23602, 0.0]
[1034] pos: [1008.59375, 140.8125, 469.0], ang: [8.970046, -177.23602, 0.0]
[1035] pos: [1008.59375, 140.8125, 469.96875], ang: [8.970046, -177.23602, 0.0]
[1036] pos: [1008.59375, 140.8125, 470.9375], ang: [8.970046, -177.23602, 0.0]
[1037] pos: [1008.59375, 140.8125, 471.90625], ang: [8.970046, -177.23602, 0.0]
[1038] pos: [1008.59375, 140.8125, 472.90625], ang: [8.970046, -177.23602, 0.0]
[1039] pos: [1008.59375, 140.8125, 473.875], ang: [8.970046, -177.23602, 0.0]
[1040] pos: [1008.59375, 140.8125, 474.84375], ang: [8.970046, -177.23602, 0.0]
[1041] pos: [1008.59375, 140.8125, 475.8125], ang: [8.970046, -177.23602, 0.0]
[1042] pos: [1008.59375, 140.8125, 476.78125], ang: [8.970046, -177.23602, 0.0]
[1043] pos: [1008.59375, 140.8125, 477.78125], ang: [8.970046, -177.23602, 0.0]
[1044] pos: [1008.59375, 140.8125, 478.75], ang: [8.970046, -177.23602, 0.0]
[1045] pos: [1008.59375, 140.8125, 479.71875], ang: [8.970046, -177.23602, 0.0]
[1046] pos: [1008.59375, 140.8125, 480.6875], ang: [8.970046, -177.23602, 0.0]
[1047] pos: [1008.59375, 140.8125, 481.65625], ang: [8.970046, -177.23602, 0.0]
[1048] pos: [1008.59375, 140.8125, 482.65625], ang: [8.970046, -177.23602, 0.0]
[1049] pos: [1008.59375, 140.8125, 483.625], ang: [8.970046, -177.23602, 0.0]
[1050] pos: [1008.59375, 140.8125, 484.59375], ang: [8.970046, -177.23602, 0.0]
[1051] pos: [1008.59375, 140.8125, 485.5625], ang: [8.970046, -177.23602, 0.0]
[1052] pos: [1008.59375, 140.8125, 486.53125], ang: [8.970046, -177.23602, 0.0]
[1053] pos: [1008.59375, 140.8125, 487.53125], ang: [8.970046, -177.23602, 0.0]
[1054] pos: [1008.59375, 140.8125, 488.5], ang: [8.970046, -177.23602, 0.0]
[1055] pos: [1008.59375, 140.8125, 489.46875], ang: [8.970046, -177.23602, 0.0]
[1056] pos: [1008.59375, 140.8125, 490.4375], ang: [8.970046, -177.23602, 0.0]
[1057] pos: [1008.59375, 140.8125, 491.40625], ang: [8.970046, -177.23602, 0.0]
[1058] pos: [1008.59375, 140.8125, 492.40625], ang: [8.970046, -177.23602, 0.0]
[1059] pos: [1008.59375, 140.8125, 493.375], ang: [8.970046, -177.23602, 0.0]
[1060] pos: [1008.59375, 140.8125, 494.34375], ang: [8.970046, -177.23602, 0.0]
[1061] pos: [1008.59375, 140.8125, 495.3125], ang: [8.970046, -177.23602, 0.0]
[1062] pos: [1008.59375, 140.8125, 496.28125], ang: [8.970046, -177.23602, 0.0]
[1063] pos: [1008.59375, 140.8125, 497.28125], ang: [8.970046, -177.23602, 0.0]
[1064] pos: [1008.59375, 140.8125, 498.25], ang: [8.970046, -177.23602, 0.0]
[1065] pos: [1008.59375, 140.8125, 499.21875], ang: [8.970046, -177.23602, 0.0]
[1066] pos: [1008.59375, 140.8125, 500.1875], ang: [8.970046, -177.23602, 0.0]
[1067] pos: [1008.59375, 140.8125, 501.15625], ang: [8.970046, -177.23602, 0.0]
[1068] pos: [1008.59375, 140.8125, 502.15625], ang: [8.970046, -177.23602, 0.0]
[1069] pos: [1008.59375, 140.8125, 503.125], ang: [8.970046, -177.23602, 0.0]
[1070] pos: [1008.59375, 140.8125, 504.09375], ang: [8.970046, -177.23602, 0.0]
[1071] pos: [1008.59375, 140.8125, 505.0625], ang: [8.970046, -177.23602, 0.0]
[1072] pos: [1008.59375, 140.8125, 506.03125], ang: [8.970046, -177.23602, 0.0]
[1073] pos: [1008.59375, 140.8125, 507.03125], ang: [8.970046, -177.23602, 0.0]
[1074] pos: [1008.59375, 140.8125, 508.0], ang: [8.970046, -177.23602, 0.0]
[1075] pos: [1008.59375, 140.8125, 508.96875], ang: [8.970046, -177.23602, 0.0]
[1076] pos: [1008.59375, 140.8125, 509.9375], ang: [8.970046, -177.23602, 0.0]
[1077] pos: [1008.59375, 140.8125, 510.90625], ang: [8.970046, -177.23602, 0.0]
[1078] pos: [1008.59375, 140.8125, 511.90625], ang: [8.970046, -177.23602, 0.0]
[1079] pos: [1008.59375, 140.8125, 512.875], ang: [8.970046, -177.23602, 0.0]
[1080] pos: [1008.59375, 140.8125, 513.84375], ang: [8.970046, -177.23602, 0.0]
[1081] pos: [1008.59375, 140.8125, 514.8125], ang: [8.970046, -177.23602, 0.0]
[1082] pos: [1008.59375, 140.8125, 515.78125], ang: [8.970046, -177.23602, 0.0]
[1083] pos: [1008.59375, 140.8125, 516.78125], ang: [8.970046, -177.23602, 0.0]
[1084] pos: [1008.59375, 140.8125, 517.75], ang: [8.970046, -177.23602, 0.0]
[1085] pos: [1008.59375, 140.8125, 518.71875], ang: [8.970046, -177.23602, 0.0]
[1086] pos: [1008.59375, 140.8125, 519.6875], ang: [8.970046, -177.23602, 0.0]
[1087] pos: [1008.59375, 140.8125, 520.65625], ang: [8.970046, -177.23602, 0.0]
[1088] pos: [1008.59375, 140.8125, 521.65625], ang: [8.970046, -177.23602, 0.0]
[1089] pos: [1008.59375, 140.8125, 522.625], ang: [8.970046, -177.23602, 0.0]
[1090] pos: [1008.59375, 140.8125, 523.59375], ang: [8.970046, -177.23602, 0.0]
[1091] pos: [1008.59375, 140.8125, 524.5625], ang: [8.970046, -177.23602, 0.0]
[1092] pos: [1008.59375, 140.8125, 525.53125], ang: [8.970046, -177.23602, 0.0]
[1093] pos: [1008.59375, 140.8125, 526.53125], ang: [8.970046, -177.23602, 0.0]
[1094] pos: [1008.59375, 140.8125, 527.5], ang: [8.970046, -177.23602, 0.0]
[1095] pos: [1008.59375, 140.8125, 528.46875], ang: [8.970046, -177.23602, 0.0]
[1096] pos: [1008.59375, 140.8125, 529.4375], ang: [8.970046, -177.23602, 0.0]
[1097] pos: [1008.59375, 140.8125, 530.40625], ang: [8.970046, -177.23602, 0.0]
[1098] pos: [1008.59375, 140.8125, 531.40625], ang: [8.970046, -177.23602, 0.0]
[1099] pos: [1008.59375, 140.8125, 532.375], ang: [8.970046, -177.23602, 0.0]
[1100] pos: [1008.59375, 140.8125, 533.34375], ang: [8.970046, -177.23602, 0.0]
[1101] pos: [1008.59375, 140.8125, 534.3125], ang: [8.970046, -177.23602, 0.0]
[1102] pos: [1008.59375, 140.8125, 535.28125], ang: [8.970046, -177.23602, 0.0]
[1103] pos: [1008.59375, 140.8125, 536.28125], ang: [8.970046, -177.23602, 0.0]
[1104] pos: [1008.59375, 140.8125, 537.25], ang: [8.970046, -177.23602, 0.0]
[1105] pos: [1008.59375, 140.8125, 538.21875], ang: [8.970046, -177.23602, 0.0]
[1106] pos: [1008.59375, 140.8125, 539.1875], ang: [8.970046, -177.23602, 0.0]
[1107] pos: [1008.59375, 140.8125, 540.15625], ang: [8.970046, -177.23602, 0.0]
[1108] pos: [1008.59375, 140.8125, 541.15625], ang: [8.970046, -177.23602, 0.0]
[1109] pos: [1008.59375, 140.8125, 542.125], ang: [8.970046, -177.23602, 0.0]
[1110] pos: [1008.59375, 140.8125, 543.09375], ang: [8.970046, -177.23602, 0.0]
[1111] pos: [1008.59375, 140.8125, 544.0625], ang: [8.970046, -177.23602, 0.0]
[1112] pos: [1008.59375, 140.8125, 545.03125], ang: [8.970046, -177.23602, 0.0]
[1113] pos: [1008.59375, 140.8125, 546.03125], ang: [8.970046, -177.23602, 0.0]
[1114] pos: [1008.59375, 140.8125, 547.0], ang: [8.970046, -177.23602, 0.0]
[1115] pos: [1008.59375, 140.8125, 547.96875], ang: [8.970046, -177.23602, 0.0]
[1116] pos: [1008.59375, 140.8125, 548.9375], ang: [8.970046, -177.23602, 0.0]
[1117] pos: [1008.59375, 140.8125, 549.90625], ang: [8.970046, -177.23602, 0.0]
[1118] pos: [1008.59375, 140.8125, 550.90625], ang: [8.970046, -177.23602, 0.0]
[1119] pos: [1008.59375, 140.8125, 551.875], ang: [8.970046, -177.23602, 0.0]
[1120] pos: [1008.59375, 140.8125, 552.84375], ang: [8.970046, -177.23602, 0.0]
[1121] pos: [1008.59375, 140.8125, 553.8125], ang: [8.970046, -177.23602, 0.0]
[1122] pos: [1008.59375, 140.8125, 554.78125], ang: [8.970046, -177.23602, 0.0]
[1123] pos: [1008.59375, 140.8125, 555.78125], ang: [8.970046, -177.23602, 0.0]
[1124] pos: [1008.59375, 140.8125, 556.75], ang: [8.970046, -177.23602, 0.0]
[1125] pos: [1008.59375, 140.8125, 557.71875], ang: [8.970046, -177.23602, 0.0]
[1126] pos: [1008.59375, 140.8125, 558.6875], ang: [8.970046, -177.23602, 0.0]
[1127] pos: [1008.59375, 140.8125, 559.65625], ang: [8.970046, -177.23602, 0.0]
[1128] pos: [1008.59375, 140.8125, 560.65625], ang: [8.970046, -177.23602, 0.0]
[1129] pos: [1008.59375, 140.8125, 561.625], ang: [8.970046, -177.23602, 0.0]
[1130] pos: [1008.59375, 140.8125, 562.59375], ang: [8.970046, -177.23602, 0.0]
[1131] pos: [1008.59375, 140.8125, 563.5625], ang: [8.970046, -177.23602, 0.0]
[1132] pos: [1008.59375, 140.8125, 564.53125], ang: [8.970046, -177.23602, 0.0]
[1133] pos: [1008.59375, 140.8125, 565.53125], ang: [8.970046, -177.23602, 0.0]
[1134] pos: [1008.59375, 140.8125, 566.5], ang: [8.970046, -177.23602, 0.0]
[1135] pos: [1008.59375, 140.8125, 567.46875], ang: [8.970046, -177.23602, 0.0]
[1136] pos: [1008.59375, 140.8125, 568.4375], ang: [8.970046, -177.23602, 0.0]
[1137] pos: [1008.59375, 140.8125, 569.40625], ang: [8.970046, -177.23602, 0.0]
[1138] pos: [1008.59375, 140.8125, 570.40625], ang: [8.970046, -177.23602, 0.0]
[1139] pos: [1008.59375, 140.8125, 571.375], ang: [8.970046, -177.23602, 0.0]
[1140] pos: [1008.59375, 140.8125, 572.34375], ang: [8.970046, -177.23602, 0.0]
[1141] pos: [1008.59375, 140.8125, 573.3125], ang: [8.970046, -177.23602, 0.0]
[1142] pos: [1008.59375, 140.8125, 574.28125], ang: [8.970046, -177.23602, 0.0]
[1143] pos: [1008.59375, 140.8125, 575.28125], ang: [8.970046, -177.23602, 0.0]
[1144] pos: [1008.59375, 140.8125, 576.25], ang: [8.970046, -177.23602, 0.0]
[1145] pos: [1008.59375, 140.8125, 577.21875], ang: [8.970046, -177.23602, 0.0]
[1146] pos: [1008.59375, 140.8125, 578.1875], ang: [8.970046, -177.23602, 0.0]
[1147] pos: [1008.59375, 140.8125, 579.15625], ang: [8.970046, -177.23602, 0.0]
[1148] pos: [1008.59375, 140.8125, 580.15625], ang: [8.970046, -177.23602, 0.0]
[1149] pos: [1008.59375, 140.8125, 581.125], ang: [8.970046, -177.23602, 0.0]
[1150] pos: [1008.59375, 140.8125, 582.09375], ang: [8.970046, -177.23602, 0.0]
[1151] pos: [1008.59375, 140.8125, 583.0625], ang: [8.970046, -177.23602, 0.0]
[1152] pos: [1008.59375, 140.8125, 584.03125], ang: [8.970046, -177.23602, 0.0]
[1153] pos: [1008.59375, 140.8125, 585.03125], ang: [8.970046, -177.23602, 0.0]
[1154] pos: [1008.59375, 140.8125, 586.0], ang: [8.970046, -177.23602, 0.0]
[1155] pos: [1008.59375, 140.8125, 586.96875], ang: [8.970046, -177.23602, 0.0]
[1156] pos: [1008.59375, 140.8125, 587.9375], ang: [8.970046, -177.23602, 0.0]
[1157] pos: [1008.59375, 140.8125, 588.90625], ang: [8.970046, -177.23602, 0.0]
[1158] pos: [1008.59375, 140.8125, 589.90625], ang: [8.970046, -177.23602, 0.0]
[1159] pos: [1008.59375, 140.8125, 590.875], ang: [8.970046, -177.23602, 0.0]
[1160] pos: [1008.59375, 140.8125, 591.84375], ang: [8.970046, -177.23602, 0.0]
[1161] pos: [1008.59375, 140.8125, 592.8125], ang: [8.970046, -177.23602, 0.0]
[1162] pos: [1008.59375, 140.8125, 593.78125], ang: [8.970046, -177.23602, 0.0]
[1163] pos: [1008.59375, 140.8125, 594.53125], ang: [8.970046, -177.23602, 0.0]
[-68] gameui_allowescapetoshow
[-68] gameui_allowescapetoshow
[-68] sk_barnacle_health		"35"
[-68] sk_barney_health		"35"
[-68] sk_bullseye_health		"35"
[-68] sk_citizen_health		"40"
[-68] sk_combine_s_health		"50"
[-68] sk_combine_s_kick		"10"
[-68] sk_combine_guard_health	"70"
[-68] sk_combine_guard_kick	"15"
[-68] sk_strider_health		"350"
[-68] sk_strider_num_missiles1	"5"
[-68] sk_strider_num_missiles2	"7"
[-68] sk_strider_num_missiles3	"7"
[-68] sk_headcrab_health		"10"
[-68] sk_headcrab_melee_dmg	"5"
[-68] sk_headcrab_fast_health	"10"
[-68] sk_headcrab_poison_health	"35"
[-68] sk_manhack_health		"25"
[-68] sk_manhack_melee_dmg	"20"
[-68] sk_metropolice_health	"40"
[-68] sk_metropolice_stitch_reaction "1.0"
[-68] sk_metropolice_stitch_tight_hitcount "2"
[-68] sk_metropolice_stitch_at_hitcount "1"
[-68] sk_metropolice_stitch_behind_hitcount "3"
[-68] sk_metropolice_stitch_along_hitcount "2"
[-68] sk_rollermine_shock		"10"
[-68] sk_rollermine_stun_delay "3"
[-68] sk_rollermine_vehicle_intercept "1"
[-68] sk_scanner_health		"30"
[-68] sk_scanner_dmg_dive		"25"
[-68] sk_stalker_health		"50"
[-68] sk_stalker_melee_dmg	"5"
[-68] sk_vortigaunt_health	"100"
[-68] sk_vortigaunt_dmg_claw	"10"
[-68] sk_vortigaunt_dmg_rake	"25"
[-68] sk_vortigaunt_dmg_zap	"50"
[-68] sk_vortigaunt_armor_charge "30"
[-68] sk_zombie_health	"50"
[-68] sk_zombie_dmg_one_slash	"10"
[-68] sk_zombie_dmg_both_slash	"25"
[-68] sk_zombie_poison_health		"175"
[-68] sk_zombie_poison_dmg_spit	"20"
[-68] sk_antlion_health			"30"
[-68] sk_antlion_swipe_damage		"5"
[-68] sk_antlion_jump_damage		"5"
[-68] sk_antlionguard_health		"500"
[-68] sk_antlionguard_dmg_charge	"20"
[-68] sk_antlionguard_dmg_shove	"10"
[-68] sk_ichthyosaur_health		"200"
[-68] sk_ichthyosaur_melee_dmg	"8"
[-68] sk_gunship_burst_size		"15"
[-68] sk_gunship_health_increments	"5"
[-68] sk_npc_dmg_gunship		"40"
[-68] sk_npc_dmg_gunship_to_plr	"3"
[-68] sk_npc_dmg_helicopter			"6"
[-68] sk_npc_dmg_helicopter_to_plr	"3"
[-68] sk_helicopter_grenadedamage		"30"
[-68] sk_helicopter_grenaderadius		"275"
[-68] sk_helicopter_grenadeforce		"55000"
[-68] sk_npc_dmg_dropship		"2"
[-68] sk_apc_health				"750"
[-68] sk_plr_dmg_ar2			"8"
[-68] sk_npc_dmg_ar2			"3"
[-68] sk_max_ar2				"60"
[-68] sk_max_ar2_altfire		"3"
[-68] sk_plr_dmg_alyxgun		"5"
[-68] sk_npc_dmg_alyxgun		"3"
[-68] sk_max_alyxgun			"150"
[-68] sk_plr_dmg_pistol		"5"
[-68] sk_npc_dmg_pistol		"3"
[-68] sk_max_pistol			"150"
[-68] sk_plr_dmg_smg1			"4"
[-68] sk_npc_dmg_smg1			"3"
[-68] sk_max_smg1				"225"
[-68] sk_plr_dmg_buckshot			"8"	
[-68] sk_npc_dmg_buckshot			"3"
[-68] sk_max_buckshot				"30"
[-68] sk_plr_dmg_rpg_round		"100"
[-68] sk_npc_dmg_rpg_round		"50"
[-68] sk_max_rpg_round			"3"
[-68] sk_plr_dmg_smg1_grenade		"100"
[-68] sk_npc_dmg_smg1_grenade		"50"
[-68] sk_max_smg1_grenade		"3"
[-68] sk_smg1_grenade_radius		"250"
[-68] sk_plr_dmg_sniper_round		"20"
[-68] sk_npc_dmg_sniper_round		"100"
[-68] sk_max_sniper_round			"30"
[-68] sk_plr_dmg_357				"40"
[-68] sk_npc_dmg_357				"30"
[-68] sk_max_357					"12"
[-68] sk_plr_dmg_crossbow			"100"
[-68] sk_npc_dmg_crossbow			"10"
[-68] sk_max_crossbow				"10"
[-68] sk_plr_dmg_airboat			"3"
[-68] sk_npc_dmg_airboat			"3"
[-68] sk_plr_dmg_grenade			"150"	
[-68] sk_npc_dmg_grenade			"75"
[-68] sk_max_grenade				"5"
[-68] sk_plr_dmg_crowbar			"10"
[-68] sk_npc_dmg_crowbar			"5"
[-68] sk_plr_dmg_stunstick		"10"
[-68] sk_npc_dmg_stunstick		"40"	
[-68] sk_dmg_homer_grenade		"20"
[-68] sk_homer_grenade_radius		"100"
[-68] sk_plr_dmg_fraggrenade 		"125"
[-68] sk_npc_dmg_fraggrenade		"75"
[-68] sk_fraggrenade_radius 		"250"
[-68] sk_suitcharger		"75"
[-68] sk_suitcharger_citadel		"500"
[-68] sk_suitcharger_citadel_maxarmor	"200"
[-68] sk_battery			"15"
[-68] sk_healthcharger		"50"
[-68] sk_healthkit		"25"
[-68] sk_healthvial		"10"
[-68] sk_combineball_seek_angle	"15"
[-68] sk_combineball_guidefactor	"1.0"
[-68] sk_npc_head		"3"
[-68] sk_npc_chest	"1"
[-68] sk_npc_stomach	"1"
[-68] sk_npc_arm		"1"
[-68] sk_npc_leg		"1"
[-68] sk_player_head		"3"
[-68] sk_player_chest		"1"
[-68] sk_player_stomach	"1"
[-68] sk_player_arm		"1"
[-68] sk_player_leg		"1"
[-68] sk_ally_regen_time	"0.2"
[-68] sk_max_gauss_round	"30"
[-68] sk_max_gauss_round	"30"
[-68] sk_max_gauss_round	"30"
[-67] pos: [0.0, 0.0, 0.0], ang: [0.0, 0.0, 0.0]
press enter...
